       58	2025-01-02 07:16:38	1	0	1	0
        2	2025-01-02 07:20:31	1	0	1	0
       11	2025-01-02 07:34:51	1	0	1	0
       39	2025-01-02 07:43:55	1	0	1	0
       36	2025-01-02 07:44:01	1	0	1	0
       40	2025-01-02 07:48:52	1	0	1	0
       55	2025-01-02 07:53:41	1	0	1	0
       23	2025-01-02 07:54:11	1	0	1	0
       26	2025-01-02 07:54:17	1	0	1	0
        7	2025-01-02 07:54:37	1	0	1	0
       24	2025-01-02 07:56:51	1	0	1	0
       15	2025-01-02 07:58:50	1	0	1	0
       30	2025-01-02 07:59:49	1	0	1	0
       31	2025-01-02 08:02:36	1	0	1	0
       56	2025-01-02 08:04:22	1	0	1	0
       57	2025-01-02 08:06:30	1	0	1	0
        6	2025-01-02 08:07:21	1	0	1	0
       32	2025-01-02 08:16:55	1	0	1	0
       27	2025-01-02 08:23:33	1	0	1	0
       12	2025-01-02 08:27:50	1	0	1	0
       20	2025-01-02 08:30:37	1	0	1	0
        6	2025-01-02 12:01:59	1	2	1	0
       40	2025-01-02 12:02:33	1	2	1	0
       24	2025-01-02 12:02:38	1	2	1	0
       11	2025-01-02 12:02:45	1	2	1	0
       15	2025-01-02 12:02:58	1	2	1	0
       31	2025-01-02 12:03:09	1	2	1	0
       23	2025-01-02 12:03:22	1	2	1	0
       39	2025-01-02 12:03:57	1	2	1	0
       36	2025-01-02 12:04:08	1	2	1	0
       21	2025-01-02 12:05:00	1	2	1	0
        7	2025-01-02 12:05:10	1	2	1	0
       26	2025-01-02 12:06:03	1	2	1	0
        6	2025-01-02 12:06:22	1	2	1	0
       27	2025-01-02 12:06:42	1	2	1	0
       57	2025-01-02 12:06:48	1	2	1	0
       30	2025-01-02 12:08:02	1	2	1	0
       23	2025-01-02 12:08:09	1	3	1	0
       55	2025-01-02 12:08:35	1	2	1	0
       39	2025-01-02 12:09:11	1	3	1	0
       36	2025-01-02 12:09:16	1	3	1	0
        2	2025-01-02 12:09:46	1	2	1	0
       21	2025-01-02 12:10:17	1	3	1	0
        7	2025-01-02 12:10:28	1	3	1	0
       32	2025-01-02 12:12:11	1	2	1	0
       27	2025-01-02 12:12:27	1	3	1	0
       24	2025-01-02 12:12:54	1	3	1	0
       26	2025-01-02 12:13:03	1	3	1	0
       15	2025-01-02 12:13:11	1	3	1	0
       31	2025-01-02 12:13:15	1	3	1	0
       40	2025-01-02 12:13:31	1	3	1	0
       20	2025-01-02 12:14:02	1	2	1	0
       30	2025-01-02 12:15:11	1	3	1	0
        2	2025-01-02 12:16:20	1	3	1	0
       20	2025-01-02 12:19:35	1	3	1	0
       57	2025-01-02 12:21:49	1	3	1	0
       14	2025-01-02 12:26:51	1	2	1	0
       11	2025-01-02 12:28:57	1	3	1	0
       58	2025-01-02 12:30:48	1	2	1	0
       14	2025-01-02 12:31:05	1	3	1	0
       32	2025-01-02 12:31:19	1	3	1	0
       56	2025-01-02 12:31:27	1	2	1	0
       55	2025-01-02 12:35:38	1	3	1	0
       58	2025-01-02 12:36:16	1	3	1	0
       56	2025-01-02 12:36:32	1	3	1	0
       27	2025-01-02 17:01:16	1	1	1	0
       26	2025-01-02 17:01:22	1	1	1	0
       57	2025-01-02 17:01:27	1	1	1	0
        2	2025-01-02 17:04:32	1	1	1	0
       23	2025-01-02 17:05:13	1	1	1	0
        6	2025-01-02 17:06:39	1	1	1	0
       11	2025-01-02 17:11:41	1	1	1	0
       15	2025-01-02 17:11:48	1	1	1	0
       56	2025-01-02 17:12:03	1	1	1	0
       21	2025-01-02 17:13:35	1	1	1	0
       14	2025-01-02 17:13:42	1	1	1	0
        7	2025-01-02 17:13:53	1	1	1	0
       36	2025-01-02 17:16:42	1	1	1	0
       39	2025-01-02 17:16:44	1	1	1	0
       30	2025-01-02 17:37:36	1	1	1	0
       24	2025-01-02 17:39:04	1	1	1	0
       31	2025-01-02 17:39:43	1	1	1	0
       20	2025-01-02 17:42:22	1	1	1	0
       40	2025-01-02 17:43:44	1	1	1	0
       55	2025-01-02 17:46:04	1	1	1	0
       32	2025-01-02 17:46:28	1	1	1	0
       58	2025-01-02 18:22:34	1	1	1	0
       32	2025-01-03 05:52:40	1	0	1	0
       58	2025-01-03 07:12:55	1	0	1	0
        2	2025-01-03 07:37:21	1	0	1	0
       11	2025-01-03 07:39:30	1	5	1	0
       40	2025-01-03 07:45:04	1	0	1	0
       23	2025-01-03 07:47:31	1	0	1	0
       55	2025-01-03 07:50:55	1	0	1	0
       26	2025-01-03 07:51:00	1	0	1	0
       39	2025-01-03 07:51:51	1	0	1	0
       36	2025-01-03 07:52:01	1	0	1	0
       56	2025-01-03 07:52:17	1	0	1	0
        7	2025-01-03 07:56:38	1	0	1	0
       31	2025-01-03 07:59:53	1	0	1	0
       24	2025-01-03 07:59:59	1	0	1	0
       30	2025-01-03 08:00:13	1	0	1	0
       15	2025-01-03 08:02:36	1	0	1	0
        6	2025-01-03 08:03:12	1	0	1	0
       20	2025-01-03 08:08:13	1	0	1	0
        1	2025-01-03 08:13:44	1	0	1	0
       12	2025-01-03 08:16:35	1	0	1	0
       21	2025-01-03 12:01:39	1	2	1	0
       58	2025-01-03 12:01:49	1	2	1	0
        6	2025-01-03 12:03:19	1	2	1	0
        7	2025-01-03 12:04:37	1	2	1	0
       40	2025-01-03 12:06:02	1	2	1	0
       21	2025-01-03 12:06:23	1	3	1	0
       56	2025-01-03 12:07:09	1	2	1	0
       58	2025-01-03 12:07:37	1	3	1	0
        6	2025-01-03 12:08:07	1	3	1	0
       23	2025-01-03 12:08:46	1	2	1	0
       36	2025-01-03 12:09:49	1	2	1	0
       39	2025-01-03 12:09:52	1	2	1	0
        7	2025-01-03 12:10:05	1	3	1	0
        2	2025-01-03 12:13:22	1	2	1	0
       23	2025-01-03 12:13:28	1	3	1	0
       27	2025-01-03 12:13:38	1	2	1	0
       39	2025-01-03 12:14:07	1	3	1	0
       36	2025-01-03 12:14:13	1	3	1	0
       57	2025-01-03 12:14:30	1	2	1	0
       40	2025-01-03 12:15:04	1	3	1	0
       55	2025-01-03 12:15:27	1	2	1	0
        1	2025-01-03 12:16:33	1	2	1	0
       26	2025-01-03 12:16:39	1	2	1	0
       35	2025-01-03 12:16:54	1	2	1	0
       30	2025-01-03 12:18:03	1	2	1	0
        2	2025-01-03 12:18:45	1	3	1	0
       24	2025-01-03 12:19:43	1	2	1	0
       11	2025-01-03 12:19:59	1	2	1	0
       15	2025-01-03 12:20:06	1	2	1	0
       20	2025-01-03 12:23:39	1	2	1	0
       35	2025-01-03 12:25:05	1	3	1	0
       11	2025-01-03 12:25:37	1	3	1	0
       15	2025-01-03 12:25:41	1	3	1	0
       27	2025-01-03 12:26:20	1	3	1	0
       30	2025-01-03 12:26:24	1	3	1	0
       31	2025-01-03 12:26:46	1	2	1	0
        1	2025-01-03 12:29:43	1	3	1	0
       20	2025-01-03 12:32:22	1	3	1	0
       26	2025-01-03 12:33:37	1	3	1	0
       31	2025-01-03 12:35:33	1	3	1	0
       57	2025-01-03 12:37:05	1	3	1	0
       24	2025-01-03 12:46:00	1	3	1	0
       55	2025-01-03 12:46:29	1	3	1	0
       27	2025-01-03 17:01:04	1	3	1	0
       26	2025-01-03 17:01:24	1	1	1	0
       21	2025-01-03 17:01:33	1	1	1	0
        1	2025-01-03 17:01:51	1	1	1	0
       31	2025-01-03 17:02:13	1	1	1	0
       57	2025-01-03 17:02:15	1	1	1	0
        6	2025-01-03 17:02:33	1	1	1	0
       11	2025-01-03 17:03:02	1	1	1	0
       15	2025-01-03 17:03:07	1	1	1	0
        2	2025-01-03 17:04:01	1	1	1	0
       12	2025-01-03 17:06:40	1	1	1	0
        7	2025-01-03 17:06:57	1	1	1	0
       23	2025-01-03 17:11:06	1	1	1	0
       39	2025-01-03 17:11:19	1	1	1	0
       36	2025-01-03 17:11:46	1	1	1	0
       24	2025-01-03 17:14:46	1	1	1	0
       40	2025-01-03 17:24:19	1	1	1	0
       55	2025-01-03 17:26:34	1	1	1	0
       20	2025-01-03 17:26:45	1	1	1	0
       20	2025-01-03 17:28:38	1	1	1	0
       30	2025-01-03 17:54:14	1	1	1	0
       32	2025-01-03 20:25:16	1	1	1	0
       58	2025-01-05 09:26:42	1	0	1	0
       58	2025-01-05 13:28:31	1	2	1	0
       58	2025-01-05 17:37:25	1	1	1	0
       20	2025-01-06 06:16:43	1	0	1	0
       58	2025-01-06 06:41:01	1	0	1	0
       56	2025-01-06 06:51:26	1	0	1	0
        2	2025-01-06 07:06:16	1	0	1	0
       26	2025-01-06 07:07:26	1	0	1	0
       15	2025-01-06 07:11:52	1	0	1	0
       11	2025-01-06 07:18:39	1	0	1	0
       39	2025-01-06 07:22:04	1	0	1	0
       36	2025-01-06 07:22:10	1	0	1	0
       57	2025-01-06 07:23:47	1	0	1	0
       27	2025-01-06 07:28:17	1	0	1	0
        6	2025-01-06 07:30:44	1	0	1	0
       32	2025-01-06 07:31:00	1	0	1	0
        7	2025-01-06 07:34:13	1	0	1	0
       54	2025-01-06 07:34:59	1	0	1	0
       30	2025-01-06 07:35:07	1	0	1	0
        1	2025-01-06 07:36:43	1	0	1	0
       24	2025-01-06 07:37:41	1	0	1	0
       31	2025-01-06 07:37:56	1	0	1	0
       35	2025-01-06 07:41:51	1	0	1	0
       21	2025-01-06 07:47:13	1	0	1	0
       14	2025-01-06 07:48:40	1	0	1	0
       23	2025-01-06 07:51:44	1	0	1	0
       40	2025-01-06 07:54:28	1	0	1	0
       12	2025-01-06 07:58:35	1	0	1	0
       55	2025-01-06 07:59:48	1	0	1	0
        6	2025-01-06 12:01:02	1	2	1	0
        7	2025-01-06 12:01:12	1	2	1	0
        1	2025-01-06 12:01:21	1	2	1	0
       39	2025-01-06 12:03:50	1	2	1	0
       36	2025-01-06 12:03:59	1	2	1	0
       23	2025-01-06 12:04:25	1	2	1	0
       14	2025-01-06 12:04:56	1	2	1	0
       21	2025-01-06 12:05:02	1	2	1	0
       57	2025-01-06 12:05:17	1	2	1	0
        2	2025-01-06 12:05:39	1	2	1	0
       54	2025-01-06 12:06:03	1	2	1	0
        6	2025-01-06 12:06:07	1	3	1	0
        7	2025-01-06 12:06:18	1	3	1	0
       30	2025-01-06 12:08:10	1	2	1	0
       36	2025-01-06 12:08:15	1	3	1	0
       39	2025-01-06 12:08:18	1	3	1	0
       21	2025-01-06 12:09:08	1	3	1	0
       14	2025-01-06 12:09:12	1	3	1	0
       23	2025-01-06 12:09:15	1	3	1	0
       11	2025-01-06 12:10:07	1	2	1	0
        2	2025-01-06 12:10:14	1	3	1	0
       15	2025-01-06 12:10:26	1	2	1	0
       24	2025-01-06 12:10:36	1	2	1	0
        1	2025-01-06 12:10:58	1	2	1	0
       54	2025-01-06 12:12:25	1	3	1	0
       55	2025-01-06 12:13:42	1	2	1	0
       27	2025-01-06 12:13:47	1	2	1	0
       20	2025-01-06 12:14:06	1	2	1	0
       26	2025-01-06 12:15:16	1	2	1	0
       31	2025-01-06 12:16:37	1	2	1	0
       40	2025-01-06 12:17:10	1	2	1	0
       27	2025-01-06 12:18:08	1	3	1	0
       20	2025-01-06 12:19:28	1	3	1	0
       56	2025-01-06 12:19:50	1	2	1	0
       57	2025-01-06 12:21:55	1	3	1	0
       32	2025-01-06 12:23:33	1	1	1	0
       12	2025-01-06 12:24:08	1	1	1	0
       32	2025-01-06 12:24:45	1	2	1	0
       26	2025-01-06 12:33:13	1	3	1	0
       11	2025-01-06 12:36:43	1	3	1	0
       31	2025-01-06 12:37:41	1	3	1	0
       55	2025-01-06 12:38:20	1	3	1	0
       30	2025-01-06 12:39:59	1	3	1	0
       40	2025-01-06 12:41:21	1	3	1	0
       15	2025-01-06 12:47:43	1	3	1	0
       24	2025-01-06 12:48:06	1	3	1	0
        2	2025-01-06 17:01:10	1	1	1	0
       39	2025-01-06 17:01:29	1	1	1	0
       36	2025-01-06 17:01:35	1	1	1	0
       23	2025-01-06 17:01:43	1	1	1	0
       57	2025-01-06 17:03:26	1	1	1	0
       11	2025-01-06 17:12:22	1	1	1	0
       21	2025-01-06 17:12:49	1	1	1	0
       14	2025-01-06 17:12:57	1	1	1	0
        1	2025-01-06 17:15:04	1	1	1	0
       26	2025-01-06 17:16:22	1	1	1	0
       27	2025-01-06 17:16:33	1	1	1	0
       20	2025-01-06 17:19:23	1	1	1	0
        6	2025-01-06 17:21:41	1	1	1	0
       15	2025-01-06 17:27:12	1	1	1	0
       54	2025-01-06 17:45:27	1	1	1	0
        7	2025-01-06 17:47:27	1	1	1	0
       30	2025-01-06 17:53:54	1	1	1	0
       55	2025-01-06 18:14:18	1	1	1	0
       24	2025-01-06 18:14:25	1	1	1	0
       40	2025-01-06 18:16:49	1	1	1	0
       31	2025-01-06 18:16:56	1	1	1	0
       32	2025-01-06 18:58:15	1	1	1	0
       58	2025-01-06 19:15:07	1	1	1	0
       20	2025-01-07 06:39:25	1	0	1	0
       58	2025-01-07 06:51:18	1	0	1	0
       26	2025-01-07 07:11:57	1	0	1	0
       56	2025-01-07 07:12:57	1	0	1	0
       11	2025-01-07 07:19:56	1	0	1	0
       15	2025-01-07 07:35:14	1	0	1	0
        2	2025-01-07 07:35:38	1	0	1	0
       31	2025-01-07 07:40:20	1	0	1	0
       35	2025-01-07 07:41:05	1	0	1	0
       39	2025-01-07 07:42:29	1	0	1	0
       36	2025-01-07 07:42:39	1	0	1	0
       21	2025-01-07 07:47:34	1	0	1	0
        7	2025-01-07 07:48:23	1	5	1	0
       32	2025-01-07 07:56:38	1	0	1	0
       24	2025-01-07 08:00:32	1	0	1	0
       55	2025-01-07 08:01:38	1	0	1	0
       12	2025-01-07 08:02:06	1	0	1	0
        6	2025-01-07 08:03:39	1	0	1	0
       54	2025-01-07 08:04:46	1	0	1	0
       23	2025-01-07 08:04:52	1	0	1	0
        1	2025-01-07 08:09:31	1	0	1	0
       57	2025-01-07 08:09:39	1	0	1	0
       27	2025-01-07 08:09:59	1	0	1	0
       14	2025-01-07 08:12:40	1	0	1	0
       57	2025-01-07 12:01:29	1	2	1	0
       31	2025-01-07 12:02:53	1	2	1	0
        7	2025-01-07 12:03:30	1	2	1	0
       39	2025-01-07 12:03:33	1	2	1	0
       36	2025-01-07 12:03:39	1	2	1	0
        1	2025-01-07 12:03:44	1	2	1	0
       21	2025-01-07 12:06:57	1	2	1	0
       14	2025-01-07 12:07:04	1	2	1	0
       23	2025-01-07 12:07:16	1	2	1	0
       32	2025-01-07 12:07:51	1	2	1	0
        7	2025-01-07 12:08:22	1	3	1	0
       39	2025-01-07 12:08:31	1	3	1	0
       36	2025-01-07 12:08:36	1	3	1	0
       24	2025-01-07 12:10:38	1	2	1	0
       12	2025-01-07 12:11:22	1	2	1	0
       14	2025-01-07 12:11:53	1	3	1	0
       21	2025-01-07 12:11:57	1	3	1	0
       23	2025-01-07 12:12:07	1	3	1	0
       12	2025-01-07 12:12:26	1	3	1	0
       56	2025-01-07 12:12:31	1	2	1	0
       54	2025-01-07 12:12:44	1	2	1	0
       57	2025-01-07 12:13:09	1	3	1	0
        1	2025-01-07 12:13:19	1	3	1	0
       56	2025-01-07 12:16:00	1	3	1	0
       55	2025-01-07 12:16:54	1	2	1	0
       54	2025-01-07 12:18:00	1	3	1	0
       26	2025-01-07 12:18:42	1	2	1	0
       27	2025-01-07 12:20:11	1	2	1	0
       58	2025-01-07 12:20:55	1	2	1	0
       31	2025-01-07 12:23:41	1	3	1	0
       11	2025-01-07 12:24:02	1	2	1	0
       15	2025-01-07 12:24:20	1	2	1	0
       27	2025-01-07 12:25:13	1	3	1	0
       58	2025-01-07 12:26:24	1	3	1	0
       55	2025-01-07 12:28:12	1	3	1	0
       26	2025-01-07 12:30:34	1	3	1	0
        2	2025-01-07 12:31:49	1	2	1	0
       11	2025-01-07 12:32:53	1	3	1	0
       15	2025-01-07 12:33:04	1	3	1	0
        2	2025-01-07 12:38:18	1	3	1	0
       24	2025-01-07 12:42:10	1	3	1	0
       35	2025-01-07 12:42:51	1	2	1	0
       35	2025-01-07 12:47:29	1	0	1	0
       32	2025-01-07 12:53:00	1	3	1	0
        6	2025-01-07 12:53:52	1	3	1	0
       36	2025-01-07 17:01:04	1	1	1	0
       39	2025-01-07 17:01:08	1	1	1	0
       23	2025-01-07 17:01:18	1	1	1	0
       20	2025-01-07 17:01:35	1	1	1	0
       56	2025-01-07 17:02:55	1	1	1	0
       27	2025-01-07 17:05:37	1	1	1	0
       57	2025-01-07 17:06:03	1	1	1	0
        6	2025-01-07 17:06:41	1	1	1	0
       35	2025-01-07 17:08:01	1	1	1	0
       15	2025-01-07 17:10:20	1	1	1	0
       11	2025-01-07 17:10:42	1	1	1	0
       54	2025-01-07 17:13:57	1	1	1	0
       26	2025-01-07 17:14:05	1	1	1	0
        2	2025-01-07 17:15:29	1	1	1	0
       21	2025-01-07 17:23:02	1	1	1	0
       14	2025-01-07 17:23:34	1	1	1	0
       32	2025-01-07 17:28:10	1	1	1	0
       12	2025-01-07 17:36:39	1	1	1	0
       55	2025-01-07 17:44:12	1	1	1	0
       24	2025-01-07 17:44:23	1	1	1	0
       31	2025-01-07 17:44:29	1	1	1	0
        7	2025-01-07 18:09:34	1	1	1	0
       58	2025-01-07 18:40:50	1	1	1	0
       58	2025-01-08 06:27:02	1	0	1	0
       20	2025-01-08 07:04:47	1	0	1	0
       11	2025-01-08 07:27:13	1	0	1	0
       55	2025-01-08 07:39:42	1	0	1	0
        2	2025-01-08 07:40:35	1	0	1	0
       39	2025-01-08 07:43:16	1	0	1	0
       36	2025-01-08 07:43:33	1	0	1	0
        7	2025-01-08 07:51:48	1	0	1	0
       26	2025-01-08 07:52:12	1	0	1	0
       56	2025-01-08 07:53:34	1	0	1	0
        6	2025-01-08 07:54:59	1	0	1	0
       32	2025-01-08 07:56:51	1	0	1	0
       23	2025-01-08 07:57:58	1	0	1	0
       31	2025-01-08 07:58:43	1	0	1	0
       57	2025-01-08 07:59:11	1	0	1	0
       27	2025-01-08 07:59:20	1	0	1	0
       24	2025-01-08 08:00:28	1	0	1	0
       15	2025-01-08 08:00:34	1	0	1	0
       12	2025-01-08 08:05:07	1	0	1	0
       30	2025-01-08 08:05:14	1	0	1	0
       21	2025-01-08 08:08:04	1	0	1	0
       54	2025-01-08 08:12:39	1	0	1	0
       23	2025-01-08 12:01:50	1	2	1	0
       40	2025-01-08 12:02:09	1	2	1	0
       24	2025-01-08 12:02:17	1	2	1	0
       39	2025-01-08 12:02:36	1	2	1	0
       36	2025-01-08 12:02:45	1	2	1	0
       21	2025-01-08 12:03:02	1	2	1	0
        7	2025-01-08 12:04:38	1	2	1	0
       57	2025-01-08 12:04:44	1	2	1	0
       11	2025-01-08 12:06:14	1	2	1	0
       23	2025-01-08 12:06:22	1	3	1	0
       39	2025-01-08 12:07:08	1	3	1	0
       30	2025-01-08 12:07:16	1	2	1	0
       36	2025-01-08 12:07:20	1	3	1	0
       21	2025-01-08 12:08:10	1	3	1	0
       55	2025-01-08 12:08:31	1	2	1	0
        7	2025-01-08 12:09:19	1	3	1	0
       58	2025-01-08 12:10:37	1	2	1	0
       26	2025-01-08 12:13:09	1	2	1	0
       31	2025-01-08 12:13:28	1	2	1	0
       35	2025-01-08 12:14:26	1	2	1	0
       20	2025-01-08 12:15:53	1	2	1	0
        1	2025-01-08 12:15:59	1	2	1	0
       27	2025-01-08 12:16:21	1	2	1	0
       56	2025-01-08 12:17:49	1	2	1	0
       35	2025-01-08 12:20:06	1	3	1	0
        1	2025-01-08 12:20:21	1	3	1	0
       27	2025-01-08 12:21:19	1	3	1	0
       31	2025-01-08 12:21:45	1	3	1	0
       58	2025-01-08 12:21:59	1	3	1	0
       56	2025-01-08 12:22:19	1	3	1	0
       54	2025-01-08 12:22:29	1	3	1	0
       40	2025-01-08 12:23:40	1	3	1	0
       20	2025-01-08 12:26:34	1	3	1	0
       24	2025-01-08 12:27:16	1	3	1	0
       32	2025-01-08 12:27:31	1	2	1	0
       30	2025-01-08 12:27:52	1	3	1	0
        2	2025-01-08 12:28:03	1	2	1	0
       55	2025-01-08 12:28:18	1	3	1	0
       32	2025-01-08 12:29:05	1	3	1	0
       57	2025-01-08 12:32:16	1	3	1	0
        6	2025-01-08 12:40:15	1	2	1	0
       26	2025-01-08 12:41:15	1	3	1	0
        2	2025-01-08 12:41:50	1	3	1	0
       11	2025-01-08 12:42:19	1	3	1	0
       15	2025-01-08 12:42:32	1	2	1	0
        6	2025-01-08 12:45:09	1	3	1	0
       15	2025-01-08 12:48:01	1	3	1	0
       12	2025-01-08 12:48:54	1	2	1	0
        6	2025-01-08 17:01:37	1	1	1	0
       21	2025-01-08 17:04:49	1	1	1	0
       57	2025-01-08 17:05:29	1	1	1	0
       23	2025-01-08 17:06:07	1	1	1	0
       39	2025-01-08 17:09:14	1	1	1	0
       36	2025-01-08 17:09:18	1	1	1	0
       12	2025-01-08 17:10:37	1	1	1	0
       35	2025-01-08 17:10:46	1	1	1	0
        2	2025-01-08 17:10:56	1	1	1	0
       20	2025-01-08 17:11:12	1	1	1	0
       27	2025-01-08 17:12:55	1	1	1	0
       26	2025-01-08 17:13:06	1	1	1	0
        1	2025-01-08 17:13:27	1	1	1	0
       54	2025-01-08 17:15:39	1	1	1	0
       11	2025-01-08 17:17:28	1	1	1	0
       30	2025-01-08 17:23:34	1	1	1	0
        7	2025-01-08 17:24:25	1	1	1	0
       15	2025-01-08 17:30:08	1	1	1	0
       58	2025-01-08 17:51:30	1	1	1	0
       56	2025-01-08 18:06:36	1	1	1	0
       24	2025-01-08 18:31:31	1	1	1	0
       40	2025-01-08 18:31:37	1	1	1	0
       55	2025-01-08 18:40:11	1	1	1	0
       31	2025-01-08 18:40:16	1	1	1	0
       32	2025-01-08 19:15:13	1	1	1	0
       12	2025-01-09 07:15:34	1	0	1	0
       20	2025-01-09 07:20:35	1	0	1	0
       11	2025-01-09 07:24:36	1	0	1	0
        2	2025-01-09 07:39:59	1	0	1	0
       35	2025-01-09 07:44:50	1	0	1	0
       54	2025-01-09 07:45:46	1	0	1	0
       14	2025-01-09 07:46:37	1	0	1	0
       26	2025-01-09 07:46:59	1	0	1	0
       36	2025-01-09 07:47:27	1	0	1	0
       39	2025-01-09 07:47:33	1	0	1	0
       40	2025-01-09 07:47:47	1	0	1	0
       27	2025-01-09 07:48:40	1	0	1	0
       31	2025-01-09 07:48:45	1	0	1	0
        7	2025-01-09 07:55:40	1	0	1	0
       56	2025-01-09 07:57:03	1	0	1	0
       24	2025-01-09 07:57:10	1	0	1	0
       21	2025-01-09 07:57:41	1	0	1	0
       23	2025-01-09 07:59:09	1	0	1	0
        6	2025-01-09 07:59:50	1	0	1	0
       30	2025-01-09 08:00:02	1	0	1	0
       15	2025-01-09 08:00:32	1	0	1	0
       55	2025-01-09 08:08:37	1	0	1	0
        7	2025-01-09 12:02:05	1	2	1	0
       57	2025-01-09 12:03:47	1	2	1	0
       39	2025-01-09 12:05:36	1	2	1	0
       36	2025-01-09 12:05:42	1	2	1	0
       40	2025-01-09 12:06:47	1	2	1	0
        7	2025-01-09 12:07:16	1	3	1	0
       23	2025-01-09 12:07:24	1	2	1	0
       30	2025-01-09 12:08:03	1	2	1	0
       27	2025-01-09 12:08:27	1	2	1	0
       21	2025-01-09 12:09:19	1	2	1	0
       14	2025-01-09 12:09:34	1	2	1	0
       26	2025-01-09 12:09:43	1	2	1	0
       57	2025-01-09 12:10:10	1	3	1	0
       39	2025-01-09 12:10:14	1	3	1	0
       36	2025-01-09 12:10:19	1	3	1	0
        1	2025-01-09 12:10:34	1	2	1	0
       11	2025-01-09 12:12:02	1	2	1	0
       15	2025-01-09 12:12:12	1	2	1	0
       23	2025-01-09 12:12:25	1	3	1	0
       21	2025-01-09 12:14:04	1	3	1	0
       14	2025-01-09 12:14:14	1	3	1	0
       54	2025-01-09 12:17:42	1	2	1	0
       35	2025-01-09 12:18:17	1	2	1	0
       31	2025-01-09 12:19:40	1	2	1	0
       20	2025-01-09 12:20:30	1	2	1	0
       55	2025-01-09 12:21:39	1	2	1	0
       54	2025-01-09 12:21:56	1	3	1	0
       56	2025-01-09 12:23:19	1	2	1	0
        2	2025-01-09 12:23:46	1	2	1	0
       30	2025-01-09 12:24:18	1	3	1	0
       27	2025-01-09 12:24:34	1	3	1	0
       35	2025-01-09 12:24:57	1	3	1	0
       31	2025-01-09 12:25:39	1	3	1	0
       20	2025-01-09 12:27:31	1	3	1	0
        2	2025-01-09 12:28:29	1	3	1	0
       24	2025-01-09 12:32:18	1	2	1	0
        1	2025-01-09 12:33:25	1	3	1	0
       15	2025-01-09 12:34:01	1	3	1	0
       11	2025-01-09 12:34:42	1	3	1	0
       26	2025-01-09 12:35:04	1	3	1	0
       24	2025-01-09 12:39:25	1	3	1	0
       55	2025-01-09 12:50:47	1	3	1	0
        6	2025-01-09 12:52:12	1	2	1	0
        6	2025-01-09 12:57:37	1	2	1	0
        1	2025-01-09 17:03:04	1	2	1	0
       57	2025-01-09 17:03:19	1	2	1	0
       27	2025-01-09 17:03:40	1	1	1	0
        6	2025-01-09 17:05:19	1	1	1	0
       35	2025-01-09 17:07:54	1	1	1	0
       20	2025-01-09 17:08:14	1	1	1	0
        2	2025-01-09 17:08:46	1	1	1	0
        7	2025-01-09 17:09:00	1	1	1	0
       11	2025-01-09 17:09:13	1	1	1	0
       26	2025-01-09 17:09:39	1	1	1	0
       15	2025-01-09 17:09:59	1	1	1	0
       26	2025-01-09 17:10:56	1	1	1	0
       54	2025-01-09 17:13:22	1	1	1	0
       39	2025-01-09 17:14:22	1	1	1	0
       23	2025-01-09 17:14:28	1	1	1	0
       36	2025-01-09 17:14:34	1	1	1	0
       30	2025-01-09 17:15:27	1	1	1	0
       12	2025-01-09 17:19:40	1	1	1	0
       21	2025-01-09 17:25:39	1	1	1	0
       14	2025-01-09 17:25:54	1	1	1	0
       56	2025-01-09 18:56:55	1	1	1	0
       40	2025-01-09 18:57:07	1	1	1	0
       24	2025-01-09 18:57:28	1	1	1	0
       55	2025-01-09 18:58:28	1	1	1	0
       31	2025-01-09 18:59:58	1	1	1	0
       20	2025-01-10 06:51:58	1	0	1	0
       11	2025-01-10 07:26:00	1	0	1	0
        2	2025-01-10 07:26:51	1	0	1	0
       26	2025-01-10 07:29:30	1	0	1	0
       39	2025-01-10 07:42:08	1	0	1	0
       36	2025-01-10 07:42:14	1	0	1	0
       56	2025-01-10 07:43:06	1	0	1	0
       35	2025-01-10 07:47:18	1	0	1	0
       15	2025-01-10 07:48:47	1	0	1	0
       40	2025-01-10 07:49:04	1	0	1	0
        1	2025-01-10 07:49:08	1	0	1	0
       23	2025-01-10 07:49:39	1	0	1	0
       31	2025-01-10 07:49:46	1	0	1	0
       24	2025-01-10 07:53:03	1	0	1	0
        7	2025-01-10 07:53:44	1	0	1	0
        6	2025-01-10 07:55:21	1	0	1	0
       14	2025-01-10 07:56:42	1	0	1	0
       54	2025-01-10 07:56:54	1	0	1	0
       55	2025-01-10 07:57:40	1	0	1	0
       12	2025-01-10 07:58:11	1	0	1	0
       30	2025-01-10 08:00:55	1	0	1	0
       27	2025-01-10 08:03:36	1	0	1	0
       57	2025-01-10 08:08:57	1	0	1	0
       21	2025-01-10 08:09:02	1	0	1	0
       21	2025-01-10 12:03:11	1	2	1	0
       23	2025-01-10 12:03:27	1	2	1	0
       54	2025-01-10 12:03:34	1	2	1	0
       14	2025-01-10 12:03:45	1	2	1	0
       31	2025-01-10 12:06:06	1	2	1	0
        7	2025-01-10 12:06:31	1	2	1	0
       12	2025-01-10 12:07:09	1	2	1	0
       23	2025-01-10 12:08:03	1	3	1	0
       21	2025-01-10 12:08:12	1	3	1	0
       15	2025-01-10 12:10:20	1	2	1	0
       11	2025-01-10 12:10:32	1	2	1	0
       24	2025-01-10 12:10:38	1	2	1	0
        7	2025-01-10 12:10:58	1	3	1	0
       30	2025-01-10 12:11:08	1	2	1	0
       12	2025-01-10 12:11:18	1	3	1	0
       26	2025-01-10 12:13:38	1	2	1	0
       39	2025-01-10 12:14:45	1	2	1	0
       36	2025-01-10 12:14:52	1	2	1	0
        1	2025-01-10 12:16:00	1	2	1	0
       54	2025-01-10 12:18:01	1	3	1	0
       31	2025-01-10 12:18:38	1	3	1	0
       36	2025-01-10 12:20:34	1	3	1	0
       39	2025-01-10 12:20:37	1	3	1	0
       26	2025-01-10 12:22:28	1	3	1	0
       55	2025-01-10 12:23:58	1	2	1	0
       40	2025-01-10 12:24:06	1	2	1	0
        2	2025-01-10 12:25:20	1	2	1	0
       27	2025-01-10 12:25:32	1	2	1	0
       30	2025-01-10 12:26:10	1	3	1	0
       57	2025-01-10 12:28:38	1	2	1	0
        2	2025-01-10 12:30:11	1	3	1	0
       27	2025-01-10 12:30:23	1	3	1	0
       55	2025-01-10 12:33:37	1	3	1	0
        6	2025-01-10 12:35:12	1	2	1	0
        1	2025-01-10 12:36:14	1	3	1	0
       56	2025-01-10 12:36:21	1	2	1	0
        6	2025-01-10 12:40:04	1	3	1	0
       11	2025-01-10 12:40:42	1	3	1	0
       15	2025-01-10 12:40:46	1	3	1	0
       56	2025-01-10 12:41:00	1	3	1	0
       40	2025-01-10 12:41:13	1	3	1	0
       24	2025-01-10 12:41:55	1	3	1	0
       20	2025-01-10 12:42:24	1	2	1	0
       20	2025-01-10 12:47:14	1	0	1	0
       35	2025-01-10 12:50:19	1	2	1	0
       57	2025-01-10 12:57:55	1	3	1	0
       20	2025-01-10 17:02:46	1	1	1	0
       57	2025-01-10 17:03:50	1	1	1	0
       27	2025-01-10 17:04:53	1	1	1	0
        1	2025-01-10 17:05:01	1	1	1	0
       26	2025-01-10 17:07:32	1	1	1	0
       35	2025-01-10 17:09:39	1	1	1	0
       21	2025-01-10 17:15:20	1	1	1	0
       14	2025-01-10 17:15:36	1	1	1	0
        6	2025-01-10 17:15:43	1	1	1	0
       23	2025-01-10 17:18:20	1	1	1	0
       36	2025-01-10 17:18:34	1	1	1	0
       39	2025-01-10 17:18:45	1	1	1	0
        2	2025-01-10 17:20:46	1	1	1	0
       11	2025-01-10 17:28:08	1	1	1	0
       54	2025-01-10 17:30:18	1	1	1	0
        7	2025-01-10 17:47:55	1	1	1	0
       12	2025-01-10 17:47:59	1	1	1	0
       30	2025-01-10 17:57:29	1	1	1	0
       24	2025-01-10 18:17:27	1	1	1	0
       31	2025-01-10 18:23:46	1	1	1	0
       40	2025-01-10 18:24:48	1	1	1	0
       55	2025-01-10 18:24:54	1	1	1	0
       56	2025-01-10 18:25:07	1	1	1	0
       15	2025-01-10 18:57:01	1	1	1	0
       20	2025-01-13 06:44:11	1	0	1	0
       56	2025-01-13 06:56:10	1	0	1	0
        2	2025-01-13 07:17:05	1	0	1	0
       54	2025-01-13 07:22:26	1	0	1	0
       11	2025-01-13 07:23:01	1	0	1	0
       21	2025-01-13 07:24:41	1	0	1	0
       39	2025-01-13 07:26:33	1	0	1	0
       36	2025-01-13 07:26:39	1	0	1	0
       30	2025-01-13 07:32:03	1	0	1	0
       24	2025-01-13 07:35:04	1	0	1	0
       55	2025-01-13 07:35:07	1	0	1	0
       26	2025-01-13 07:36:04	1	0	1	0
        6	2025-01-13 07:36:29	1	0	1	0
        7	2025-01-13 07:37:53	1	0	1	0
       32	2025-01-13 07:39:50	1	0	1	0
       35	2025-01-13 07:41:02	1	0	1	0
       27	2025-01-13 07:43:10	1	0	1	0
       31	2025-01-13 07:43:56	1	0	1	0
       23	2025-01-13 07:44:10	1	0	1	0
       15	2025-01-13 07:44:28	1	0	1	0
        1	2025-01-13 07:49:28	1	0	1	0
       14	2025-01-13 08:00:26	1	0	1	0
       40	2025-01-13 08:01:31	1	0	1	0
       12	2025-01-13 08:04:32	1	0	1	0
       24	2025-01-13 12:02:07	1	2	1	0
        7	2025-01-13 12:02:52	1	2	1	0
        6	2025-01-13 12:03:07	1	2	1	0
       39	2025-01-13 12:06:19	1	2	1	0
       36	2025-01-13 12:06:26	1	2	1	0
        6	2025-01-13 12:07:03	1	3	1	0
        7	2025-01-13 12:07:10	1	3	1	0
       14	2025-01-13 12:07:23	1	2	1	0
       21	2025-01-13 12:07:27	1	2	1	0
       31	2025-01-13 12:07:34	1	2	1	0
       11	2025-01-13 12:08:04	1	2	1	0
       55	2025-01-13 12:08:57	1	2	1	0
       39	2025-01-13 12:11:06	1	3	1	0
       36	2025-01-13 12:11:10	1	3	1	0
       23	2025-01-13 12:11:51	1	2	1	0
       21	2025-01-13 12:12:21	1	3	1	0
       15	2025-01-13 12:13:16	1	2	1	0
       31	2025-01-13 12:13:24	1	3	1	0
       40	2025-01-13 12:13:42	1	2	1	0
       26	2025-01-13 12:14:43	1	2	1	0
       54	2025-01-13 12:15:25	1	2	1	0
       27	2025-01-13 12:16:07	1	2	1	0
       23	2025-01-13 12:16:16	1	3	1	0
       56	2025-01-13 12:16:38	1	2	1	0
       30	2025-01-13 12:16:55	1	2	1	0
       14	2025-01-13 12:19:53	1	3	1	0
        1	2025-01-13 12:21:11	1	2	1	0
       56	2025-01-13 12:21:19	1	3	1	0
       24	2025-01-13 12:22:45	1	3	1	0
       30	2025-01-13 12:26:04	1	3	1	0
       35	2025-01-13 12:27:33	1	2	1	0
       32	2025-01-13 12:29:13	1	2	1	0
        2	2025-01-13 12:30:28	1	2	1	0
       27	2025-01-13 12:31:34	1	3	1	0
       32	2025-01-13 12:32:32	1	3	1	0
       35	2025-01-13 12:33:40	1	3	1	0
        2	2025-01-13 12:35:12	1	3	1	0
        1	2025-01-13 12:37:40	1	3	1	0
       26	2025-01-13 12:40:47	1	3	1	0
       40	2025-01-13 12:41:08	1	3	1	0
       20	2025-01-13 12:41:56	1	2	1	0
       15	2025-01-13 12:44:19	1	3	1	0
       11	2025-01-13 12:44:31	1	3	1	0
       20	2025-01-13 12:48:51	1	3	1	0
       55	2025-01-13 12:48:58	1	3	1	0
       26	2025-01-13 17:07:04	1	2	1	0
        1	2025-01-13 17:07:18	1	2	1	0
       12	2025-01-13 17:07:56	1	1	1	0
       56	2025-01-13 17:09:42	1	1	1	0
       27	2025-01-13 17:11:22	1	1	1	0
        2	2025-01-13 17:14:15	1	1	1	0
       21	2025-01-13 17:21:10	1	1	1	0
       14	2025-01-13 17:21:14	1	1	1	0
        7	2025-01-13 17:24:14	1	1	1	0
       20	2025-01-13 17:25:33	1	1	1	0
       40	2025-01-13 17:25:48	1	1	1	0
       54	2025-01-13 17:27:07	1	1	1	0
       11	2025-01-13 17:27:47	1	1	1	0
       15	2025-01-13 17:29:07	1	1	1	0
        6	2025-01-13 17:29:22	1	1	1	0
       23	2025-01-13 17:29:59	1	1	1	0
       36	2025-01-13 17:30:25	1	1	1	0
       39	2025-01-13 17:30:28	1	1	1	0
       55	2025-01-13 17:40:40	1	1	1	0
       30	2025-01-13 17:42:16	1	1	1	0
       32	2025-01-13 17:43:54	1	1	1	0
       31	2025-01-13 18:19:13	1	1	1	0
       58	2025-01-14 06:32:34	1	0	1	0
       20	2025-01-14 06:33:21	1	0	1	0
       11	2025-01-14 07:17:03	1	0	1	0
       56	2025-01-14 07:22:03	1	0	1	0
       12	2025-01-14 07:28:15	1	0	1	0
       15	2025-01-14 07:30:43	1	0	1	0
       26	2025-01-14 07:31:45	1	0	1	0
       54	2025-01-14 07:34:18	1	0	1	0
       31	2025-01-14 07:39:47	1	0	1	0
       23	2025-01-14 07:39:53	1	0	1	0
       35	2025-01-14 07:41:35	1	0	1	0
       40	2025-01-14 07:41:41	1	0	1	0
       55	2025-01-14 07:42:38	1	0	1	0
        2	2025-01-14 07:49:31	1	0	1	0
       32	2025-01-14 07:49:52	1	0	1	0
       21	2025-01-14 07:51:04	1	0	1	0
       39	2025-01-14 07:54:52	1	0	1	0
       36	2025-01-14 07:54:55	1	0	1	0
       24	2025-01-14 07:57:07	1	0	1	0
       27	2025-01-14 07:57:36	1	0	1	0
       30	2025-01-14 07:57:57	1	0	1	0
        7	2025-01-14 07:58:04	1	0	1	0
        6	2025-01-14 07:59:12	1	0	1	0
        7	2025-01-14 12:02:17	1	2	1	0
       54	2025-01-14 12:03:05	1	2	1	0
       15	2025-01-14 12:03:12	1	2	1	0
       39	2025-01-14 12:03:58	1	2	1	0
       20	2025-01-14 12:04:14	1	2	1	0
       36	2025-01-14 12:04:22	1	2	1	0
       30	2025-01-14 12:06:25	1	2	1	0
        2	2025-01-14 12:06:50	1	2	1	0
        7	2025-01-14 12:07:11	1	3	1	0
       11	2025-01-14 12:08:34	1	2	1	0
       39	2025-01-14 12:08:44	1	3	1	0
       36	2025-01-14 12:09:12	1	3	1	0
       23	2025-01-14 12:09:34	1	2	1	0
       31	2025-01-14 12:10:02	1	2	1	0
        2	2025-01-14 12:11:17	1	3	1	0
       21	2025-01-14 12:11:39	1	2	1	0
       14	2025-01-14 12:11:47	1	2	1	0
       20	2025-01-14 12:12:05	1	3	1	0
       58	2025-01-14 12:14:15	1	2	1	0
       23	2025-01-14 12:14:22	1	3	1	0
       21	2025-01-14 12:16:12	1	3	1	0
       14	2025-01-14 12:16:16	1	3	1	0
       32	2025-01-14 12:16:30	1	2	1	0
       40	2025-01-14 12:16:59	1	2	1	0
       58	2025-01-14 12:17:09	1	2	1	0
       31	2025-01-14 12:17:40	1	3	1	0
       26	2025-01-14 12:19:25	1	2	1	0
       27	2025-01-14 12:19:32	1	2	1	0
        1	2025-01-14 12:20:14	1	2	1	0
       55	2025-01-14 12:20:28	1	2	1	0
       58	2025-01-14 12:22:49	1	3	1	0
       12	2025-01-14 12:23:05	1	2	1	0
       56	2025-01-14 12:23:18	1	2	1	0
       12	2025-01-14 12:24:26	1	3	1	0
       56	2025-01-14 12:24:31	1	3	1	0
       35	2025-01-14 12:26:06	1	2	1	0
       27	2025-01-14 12:27:35	1	3	1	0
       54	2025-01-14 12:27:54	1	3	1	0
        1	2025-01-14 12:28:41	1	3	1	0
       35	2025-01-14 12:29:11	1	3	1	0
       55	2025-01-14 12:31:05	1	3	1	0
       40	2025-01-14 12:31:29	1	3	1	0
       30	2025-01-14 12:32:47	1	3	1	0
       11	2025-01-14 12:35:50	1	3	1	0
       15	2025-01-14 12:35:54	1	3	1	0
       24	2025-01-14 12:36:03	1	2	1	0
        6	2025-01-14 12:38:37	1	2	1	0
       32	2025-01-14 12:40:43	1	3	1	0
        6	2025-01-14 12:43:18	1	3	1	0
       26	2025-01-14 12:45:01	1	3	1	0
       24	2025-01-14 12:49:48	1	3	1	0
       32	2025-01-14 17:00:59	1	1	1	0
        6	2025-01-14 17:01:29	1	1	1	0
       31	2025-01-14 17:01:33	1	1	1	0
       56	2025-01-14 17:01:38	1	1	1	0
       23	2025-01-14 17:02:10	1	1	1	0
       39	2025-01-14 17:02:17	1	1	1	0
       36	2025-01-14 17:02:22	1	1	1	0
       20	2025-01-14 17:03:59	1	1	1	0
        7	2025-01-14 17:07:08	1	1	1	0
       27	2025-01-14 17:08:00	1	1	1	0
        1	2025-01-14 17:08:09	1	1	1	0
       35	2025-01-14 17:08:22	1	1	1	0
       21	2025-01-14 17:11:09	1	1	1	0
       14	2025-01-14 17:11:26	1	1	1	0
       26	2025-01-14 17:11:49	1	1	1	0
       11	2025-01-14 17:17:25	1	1	1	0
       15	2025-01-14 17:20:59	1	1	1	0
       54	2025-01-14 17:25:25	1	1	1	0
        2	2025-01-14 17:27:44	1	1	1	0
       30	2025-01-14 17:40:19	1	1	1	0
       55	2025-01-14 18:45:48	1	1	1	0
       24	2025-01-14 18:53:37	1	1	1	0
       20	2025-01-15 07:08:22	1	0	1	0
       11	2025-01-15 07:18:52	1	0	1	0
       54	2025-01-15 07:29:26	1	0	1	0
       35	2025-01-15 07:42:00	1	0	1	0
       15	2025-01-15 07:47:03	1	0	1	0
        2	2025-01-15 07:47:13	1	0	1	0
       55	2025-01-15 07:47:19	1	0	1	0
       39	2025-01-15 07:47:53	1	0	1	0
       36	2025-01-15 07:47:57	1	0	1	0
       23	2025-01-15 07:48:36	1	0	1	0
       31	2025-01-15 07:48:42	1	0	1	0
       12	2025-01-15 07:48:58	1	0	1	0
       26	2025-01-15 07:49:23	1	0	1	0
       56	2025-01-15 07:50:37	1	0	1	0
        7	2025-01-15 07:55:21	1	0	1	0
       24	2025-01-15 07:57:30	1	0	1	0
       30	2025-01-15 07:58:19	1	0	1	0
       27	2025-01-15 07:58:34	1	0	1	0
       21	2025-01-15 07:59:35	1	0	1	0
       14	2025-01-15 08:01:21	1	0	1	0
       40	2025-01-15 08:02:56	1	0	1	0
       23	2025-01-15 12:01:05	1	2	1	0
        7	2025-01-15 12:01:17	1	2	1	0
       39	2025-01-15 12:02:14	1	2	1	0
       36	2025-01-15 12:02:20	1	2	1	0
       30	2025-01-15 12:03:50	1	2	1	0
       21	2025-01-15 12:05:27	1	2	1	0
       14	2025-01-15 12:05:32	1	2	1	0
        7	2025-01-15 12:06:08	1	3	1	0
       23	2025-01-15 12:06:18	1	3	1	0
       24	2025-01-15 12:07:04	1	2	1	0
       36	2025-01-15 12:07:20	1	3	1	0
       39	2025-01-15 12:07:23	1	3	1	0
       20	2025-01-15 12:07:46	1	2	1	0
       15	2025-01-15 12:08:19	1	2	1	0
       31	2025-01-15 12:08:36	1	2	1	0
       21	2025-01-15 12:10:17	1	3	1	0
       55	2025-01-15 12:10:57	1	2	1	0
       11	2025-01-15 12:11:51	1	2	1	0
       40	2025-01-15 12:11:55	1	2	1	0
       20	2025-01-15 12:12:15	1	3	1	0
       27	2025-01-15 12:12:41	1	2	1	0
       31	2025-01-15 12:13:24	1	3	1	0
       54	2025-01-15 12:14:17	1	2	1	0
       26	2025-01-15 12:15:04	1	2	1	0
       14	2025-01-15 12:15:37	1	3	1	0
       54	2025-01-15 12:19:20	1	3	1	0
        2	2025-01-15 12:21:31	1	2	1	0
       27	2025-01-15 12:23:01	1	3	1	0
       30	2025-01-15 12:24:40	1	3	1	0
       56	2025-01-15 12:26:25	1	2	1	0
        2	2025-01-15 12:27:40	1	3	1	0
       56	2025-01-15 12:27:49	1	3	1	0
       35	2025-01-15 12:29:19	1	2	1	0
       58	2025-01-15 12:33:20	1	3	1	0
       35	2025-01-15 12:37:52	1	3	1	0
       40	2025-01-15 12:38:15	1	3	1	0
       26	2025-01-15 12:39:07	1	3	1	0
        6	2025-01-15 12:44:41	1	2	1	0
        6	2025-01-15 12:49:15	1	3	1	0
       11	2025-01-15 12:53:59	1	3	1	0
       24	2025-01-15 12:54:04	1	3	1	0
       15	2025-01-15 12:54:10	1	3	1	0
       12	2025-01-15 13:00:49	1	3	1	0
       20	2025-01-15 17:01:21	1	1	1	0
        6	2025-01-15 17:03:37	1	1	1	0
       23	2025-01-15 17:04:29	1	1	1	0
       12	2025-01-15 17:06:13	1	1	1	0
       35	2025-01-15 17:06:42	1	1	1	0
       11	2025-01-15 17:07:45	1	1	1	0
       15	2025-01-15 17:07:50	1	1	1	0
       27	2025-01-15 17:12:18	1	1	1	0
       21	2025-01-15 17:12:44	1	1	1	0
       14	2025-01-15 17:12:49	1	1	1	0
        2	2025-01-15 17:21:44	1	1	1	0
       26	2025-01-15 17:30:21	1	1	1	0
       54	2025-01-15 17:30:27	1	1	1	0
       30	2025-01-15 17:36:41	1	1	1	0
       39	2025-01-15 17:48:03	1	1	1	0
       36	2025-01-15 17:48:11	1	1	1	0
       55	2025-01-15 17:49:02	1	1	1	0
       40	2025-01-15 17:49:55	1	1	1	0
       31	2025-01-15 17:50:05	1	1	1	0
       24	2025-01-15 17:52:48	1	1	1	0
        7	2025-01-15 17:57:19	1	1	1	0
       58	2025-01-15 19:00:07	1	1	1	0
       56	2025-01-15 19:02:24	1	1	1	0
       58	2025-01-16 06:33:06	1	0	1	0
       20	2025-01-16 07:11:20	1	0	1	0
       11	2025-01-16 07:25:39	1	0	1	0
       39	2025-01-16 07:37:12	1	0	1	0
       36	2025-01-16 07:37:18	1	0	1	0
       31	2025-01-16 07:41:54	1	0	1	0
       56	2025-01-16 07:45:50	1	0	1	0
        2	2025-01-16 07:45:58	1	0	1	0
       35	2025-01-16 07:47:47	1	0	1	0
       40	2025-01-16 07:50:11	1	0	1	0
        6	2025-01-16 07:50:38	1	0	1	0
       23	2025-01-16 07:55:26	1	0	1	0
       24	2025-01-16 07:56:05	1	0	1	0
        7	2025-01-16 07:56:48	1	0	1	0
       30	2025-01-16 07:58:03	1	0	1	0
       55	2025-01-16 07:58:33	1	0	1	0
       12	2025-01-16 08:01:28	1	0	1	0
       21	2025-01-16 08:01:53	1	0	1	0
       57	2025-01-16 08:02:55	1	0	1	0
       27	2025-01-16 08:03:03	1	0	1	0
        1	2025-01-16 08:05:09	1	0	1	0
       15	2025-01-16 08:09:52	1	0	1	0
        7	2025-01-16 12:02:28	1	2	1	0
       12	2025-01-16 12:02:33	1	2	1	0
       58	2025-01-16 12:03:24	1	2	1	0
       57	2025-01-16 12:03:30	1	2	1	0
       15	2025-01-16 12:03:38	1	2	1	0
        1	2025-01-16 12:03:48	1	2	1	0
       21	2025-01-16 12:04:02	1	2	1	0
       35	2025-01-16 12:05:18	1	2	1	0
       23	2025-01-16 12:06:09	1	2	1	0
        7	2025-01-16 12:07:05	1	3	1	0
       21	2025-01-16 12:09:05	1	3	1	0
        2	2025-01-16 12:09:20	1	2	1	0
       30	2025-01-16 12:09:27	1	2	1	0
       58	2025-01-16 12:09:42	1	3	1	0
        1	2025-01-16 12:09:48	1	3	1	0
       39	2025-01-16 12:10:39	1	2	1	0
       36	2025-01-16 12:10:42	1	2	1	0
       23	2025-01-16 12:11:25	1	3	1	0
       11	2025-01-16 12:12:04	1	2	1	0
       55	2025-01-16 12:12:17	1	2	1	0
       24	2025-01-16 12:12:46	1	2	1	0
        2	2025-01-16 12:14:31	1	3	1	0
       40	2025-01-16 12:15:07	1	2	1	0
       39	2025-01-16 12:15:18	1	3	1	0
       36	2025-01-16 12:15:24	1	3	1	0
       31	2025-01-16 12:15:56	1	2	1	0
       27	2025-01-16 12:16:49	1	2	1	0
       56	2025-01-16 12:17:49	1	2	1	0
       56	2025-01-16 12:18:58	1	3	1	0
       27	2025-01-16 12:21:07	1	3	1	0
       31	2025-01-16 12:21:46	1	3	1	0
       57	2025-01-16 12:22:45	1	3	1	0
       35	2025-01-16 12:32:19	1	3	1	0
       40	2025-01-16 12:33:34	1	3	1	0
       55	2025-01-16 12:34:36	1	3	1	0
       24	2025-01-16 12:37:24	1	3	1	0
       30	2025-01-16 12:39:16	1	3	1	0
       11	2025-01-16 12:44:29	1	3	1	0
       15	2025-01-16 12:44:36	1	3	1	0
       20	2025-01-16 12:56:54	1	2	1	0
        6	2025-01-16 12:58:11	1	3	1	0
       20	2025-01-16 13:04:21	1	3	1	0
       27	2025-01-16 17:01:03	1	1	1	0
       57	2025-01-16 17:01:10	1	1	1	0
       11	2025-01-16 17:01:22	1	1	1	0
       24	2025-01-16 17:01:26	1	1	1	0
        1	2025-01-16 17:02:49	1	1	1	0
       20	2025-01-16 17:03:56	1	1	1	0
       30	2025-01-16 17:04:58	1	1	1	0
        7	2025-01-16 17:10:41	1	1	1	0
        2	2025-01-16 17:11:03	1	1	1	0
       39	2025-01-16 17:11:27	1	1	1	0
       36	2025-01-16 17:11:32	1	1	1	0
       23	2025-01-16 17:11:43	1	1	1	0
       21	2025-01-16 17:12:17	1	1	1	0
       35	2025-01-16 17:16:17	1	1	1	0
       55	2025-01-16 17:29:29	1	1	1	0
        6	2025-01-16 17:30:00	1	1	1	0
       40	2025-01-16 17:32:09	1	1	1	0
       31	2025-01-16 17:32:17	1	1	1	0
       15	2025-01-16 18:25:10	1	1	1	0
       58	2025-01-16 19:55:22	1	1	1	0
       58	2025-01-17 06:53:09	1	0	1	0
       11	2025-01-17 07:21:11	1	0	1	0
       56	2025-01-17 07:32:07	1	0	1	0
       15	2025-01-17 07:37:51	1	0	1	0
       20	2025-01-17 07:38:12	1	0	1	0
       39	2025-01-17 07:45:48	1	0	1	0
       36	2025-01-17 07:45:54	1	0	1	0
        2	2025-01-17 07:46:21	1	0	1	0
       23	2025-01-17 07:46:27	1	0	1	0
       40	2025-01-17 07:48:50	1	0	1	0
        7	2025-01-17 07:54:57	1	0	1	0
       35	2025-01-17 07:55:04	1	0	1	0
       57	2025-01-17 07:58:30	1	0	1	0
       30	2025-01-17 07:59:07	1	0	1	0
       31	2025-01-17 08:00:06	1	0	1	0
        6	2025-01-17 08:00:18	1	0	1	0
       27	2025-01-17 08:05:24	1	0	1	0
       55	2025-01-17 08:09:41	1	0	1	0
       24	2025-01-17 08:09:44	1	0	1	0
       15	2025-01-17 12:01:18	1	2	1	0
       20	2025-01-17 12:01:36	1	2	1	0
       24	2025-01-17 12:01:46	1	2	1	0
        7	2025-01-17 12:02:19	1	2	1	0
        6	2025-01-17 12:03:41	1	2	1	0
       11	2025-01-17 12:03:57	1	2	1	0
       58	2025-01-17 12:05:02	1	2	1	0
       36	2025-01-17 12:05:08	1	2	1	0
       39	2025-01-17 12:05:14	1	2	1	0
       23	2025-01-17 12:05:36	1	2	1	0
        1	2025-01-17 12:05:48	1	2	1	0
       30	2025-01-17 12:06:05	1	2	1	0
       20	2025-01-17 12:06:20	1	3	1	0
        7	2025-01-17 12:07:03	1	3	1	0
        6	2025-01-17 12:08:16	1	3	1	0
       36	2025-01-17 12:10:05	1	3	1	0
       23	2025-01-17 12:10:14	1	3	1	0
       27	2025-01-17 12:12:05	1	2	1	0
        1	2025-01-17 12:12:18	1	3	1	0
       58	2025-01-17 12:13:35	1	3	1	0
       55	2025-01-17 12:13:43	1	2	1	0
       40	2025-01-17 12:14:19	1	2	1	0
       15	2025-01-17 12:16:12	1	3	1	0
       24	2025-01-17 12:16:20	1	3	1	0
       11	2025-01-17 12:16:35	1	3	1	0
       40	2025-01-17 12:19:39	1	3	1	0
       31	2025-01-17 12:20:05	1	2	1	0
       30	2025-01-17 12:20:10	1	3	1	0
       55	2025-01-17 12:20:41	1	3	1	0
        2	2025-01-17 12:22:42	1	2	1	0
       56	2025-01-17 12:26:53	1	2	1	0
        2	2025-01-17 12:28:20	1	3	1	0
       56	2025-01-17 12:28:35	1	3	1	0
       57	2025-01-17 12:31:11	1	2	1	0
       57	2025-01-17 12:39:23	1	3	1	0
       31	2025-01-17 12:40:03	1	3	1	0
       23	2025-01-17 17:01:03	1	1	1	0
        7	2025-01-17 17:02:40	1	1	1	0
        2	2025-01-17 17:04:13	1	1	1	0
       27	2025-01-17 17:04:24	1	1	1	0
       20	2025-01-17 17:12:35	1	1	1	0
       39	2025-01-17 17:13:40	1	1	1	0
       36	2025-01-17 17:13:45	1	1	1	0
        1	2025-01-17 17:17:31	1	1	1	0
       12	2025-01-17 17:23:09	1	1	1	0
        6	2025-01-17 17:24:53	1	1	1	0
       35	2025-01-17 17:33:43	1	1	1	0
       15	2025-01-17 17:59:13	1	1	1	0
       11	2025-01-17 17:59:35	1	1	1	0
       30	2025-01-17 17:59:39	1	1	1	0
       55	2025-01-17 17:59:46	1	1	1	0
       24	2025-01-17 18:02:51	1	1	1	0
       31	2025-01-17 18:07:45	1	1	1	0
       40	2025-01-17 18:08:04	1	1	1	0
       56	2025-01-17 18:18:02	1	1	1	0
       58	2025-01-17 18:22:33	1	1	1	0
       58	2025-01-19 15:42:06	1	0	1	0
       58	2025-01-19 18:35:21	1	1	1	0
       58	2025-01-20 06:31:39	1	0	1	0
       56	2025-01-20 06:52:23	1	0	1	0
       20	2025-01-20 07:03:16	1	0	1	0
       15	2025-01-20 07:08:26	1	0	1	0
       11	2025-01-20 07:12:38	1	0	1	0
        2	2025-01-20 07:18:12	1	0	1	0
       54	2025-01-20 07:19:22	1	0	1	0
       30	2025-01-20 07:25:08	1	0	1	0
       36	2025-01-20 07:28:19	1	0	1	0
       39	2025-01-20 07:28:21	1	0	1	0
       32	2025-01-20 07:28:57	1	0	1	0
       55	2025-01-20 07:33:28	1	0	1	0
       40	2025-01-20 07:33:50	1	0	1	0
        7	2025-01-20 07:34:39	1	0	1	0
       31	2025-01-20 07:35:18	1	0	1	0
        6	2025-01-20 07:36:52	1	0	1	0
       23	2025-01-20 07:37:53	1	0	1	0
       26	2025-01-20 07:38:44	1	0	1	0
       35	2025-01-20 07:41:26	1	0	1	0
       14	2025-01-20 07:42:22	1	0	1	0
       27	2025-01-20 07:46:19	1	0	1	0
       24	2025-01-20 07:46:23	1	0	1	0
        1	2025-01-20 07:55:43	1	0	1	0
       21	2025-01-20 07:58:28	1	0	1	0
       24	2025-01-20 12:01:55	1	2	1	0
        6	2025-01-20 12:02:02	1	2	1	0
        7	2025-01-20 12:02:15	1	2	1	0
       55	2025-01-20 12:02:19	1	2	1	0
       54	2025-01-20 12:02:28	1	2	1	0
       27	2025-01-20 12:02:37	1	2	1	0
       31	2025-01-20 12:02:42	1	2	1	0
       58	2025-01-20 12:02:51	1	2	1	0
       39	2025-01-20 12:03:04	1	2	1	0
       36	2025-01-20 12:03:08	1	2	1	0
       56	2025-01-20 12:03:28	1	2	1	0
       23	2025-01-20 12:04:53	1	2	1	0
       20	2025-01-20 12:05:02	1	2	1	0
       27	2025-01-20 12:07:10	1	3	1	0
        7	2025-01-20 12:07:15	1	3	1	0
       21	2025-01-20 12:07:21	1	2	1	0
       36	2025-01-20 12:08:09	1	3	1	0
       39	2025-01-20 12:08:15	1	3	1	0
       56	2025-01-20 12:08:22	1	3	1	0
       11	2025-01-20 12:08:30	1	2	1	0
       54	2025-01-20 12:09:03	1	3	1	0
       23	2025-01-20 12:09:10	1	3	1	0
       32	2025-01-20 12:10:36	1	2	1	0
       15	2025-01-20 12:11:33	1	2	1	0
       30	2025-01-20 12:11:43	1	2	1	0
       58	2025-01-20 12:12:03	1	3	1	0
       21	2025-01-20 12:12:18	1	3	1	0
       20	2025-01-20 12:12:50	1	3	1	0
       32	2025-01-20 12:13:23	1	3	1	0
        1	2025-01-20 12:13:44	1	2	1	0
       40	2025-01-20 12:14:29	1	2	1	0
       26	2025-01-20 12:15:58	1	2	1	0
       14	2025-01-20 12:18:25	1	2	1	0
        2	2025-01-20 12:19:01	1	2	1	0
        1	2025-01-20 12:20:02	1	3	1	0
       14	2025-01-20 12:23:43	1	3	1	0
       31	2025-01-20 12:24:26	1	3	1	0
        2	2025-01-20 12:25:31	1	3	1	0
       35	2025-01-20 12:27:00	1	2	1	0
       26	2025-01-20 12:28:23	1	3	1	0
       30	2025-01-20 12:29:54	1	3	1	0
       55	2025-01-20 12:32:14	1	3	1	0
       35	2025-01-20 12:34:51	1	3	1	0
       40	2025-01-20 12:41:46	1	3	1	0
       11	2025-01-20 12:42:05	1	3	1	0
       24	2025-01-20 12:42:20	1	3	1	0
       15	2025-01-20 12:42:27	1	3	1	0
        6	2025-01-20 12:50:46	1	3	1	0
       20	2025-01-20 17:02:05	1	1	1	0
        1	2025-01-20 17:03:11	1	1	1	0
       35	2025-01-20 17:03:17	1	1	1	0
       26	2025-01-20 17:03:38	1	1	1	0
       23	2025-01-20 17:05:02	1	1	1	0
       39	2025-01-20 17:05:31	1	1	1	0
       36	2025-01-20 17:05:36	1	1	1	0
        6	2025-01-20 17:10:10	1	1	1	0
        7	2025-01-20 17:13:39	1	1	1	0
       32	2025-01-20 17:25:29	1	1	1	0
        2	2025-01-20 17:27:11	1	1	1	0
       21	2025-01-20 17:36:13	1	1	1	0
       14	2025-01-20 17:36:21	1	1	1	0
       15	2025-01-20 17:38:07	1	1	1	0
       11	2025-01-20 17:39:06	1	1	1	0
       54	2025-01-20 18:23:45	1	1	1	0
       31	2025-01-20 18:44:15	1	1	1	0
       24	2025-01-20 18:50:23	1	1	1	0
       40	2025-01-20 18:50:28	1	1	1	0
       55	2025-01-20 18:50:31	1	1	1	0
       30	2025-01-20 18:57:32	1	1	1	0
       58	2025-01-20 18:59:07	1	1	1	0
       20	2025-01-21 06:12:08	1	0	1	0
       58	2025-01-21 06:24:48	1	0	1	0
       15	2025-01-21 06:55:52	1	0	1	0
       11	2025-01-21 07:22:08	1	0	1	0
       56	2025-01-21 07:24:21	1	0	1	0
       35	2025-01-21 07:39:33	1	0	1	0
       54	2025-01-21 07:40:09	1	0	1	0
       31	2025-01-21 07:40:12	1	0	1	0
        2	2025-01-21 07:41:29	1	0	1	0
       32	2025-01-21 07:47:59	1	0	1	0
       40	2025-01-21 07:50:41	1	0	1	0
       39	2025-01-21 07:52:34	1	0	1	0
       36	2025-01-21 07:52:38	1	0	1	0
       23	2025-01-21 07:52:45	1	0	1	0
        6	2025-01-21 07:54:40	1	0	1	0
        7	2025-01-21 07:57:44	1	0	1	0
       30	2025-01-21 08:00:20	1	0	1	0
        1	2025-01-21 08:02:07	1	0	1	0
       55	2025-01-21 08:02:11	1	0	1	0
       24	2025-01-21 08:02:15	1	0	1	0
       26	2025-01-21 08:04:37	1	0	1	0
       21	2025-01-21 08:10:47	1	0	1	0
       40	2025-01-21 12:02:16	1	2	1	0
       23	2025-01-21 12:03:29	1	2	1	0
       21	2025-01-21 12:04:09	1	2	1	0
        7	2025-01-21 12:05:55	1	2	1	0
       26	2025-01-21 12:06:17	1	2	1	0
       58	2025-01-21 12:06:59	1	2	1	0
       32	2025-01-21 12:07:28	1	2	1	0
       23	2025-01-21 12:08:03	1	3	1	0
       21	2025-01-21 12:09:17	1	3	1	0
       39	2025-01-21 12:09:34	1	3	1	0
       36	2025-01-21 12:09:40	1	3	1	0
        7	2025-01-21 12:10:25	1	3	1	0
       31	2025-01-21 12:11:49	1	3	1	0
       30	2025-01-21 12:11:56	1	2	1	0
       36	2025-01-21 12:14:31	1	3	1	0
       39	2025-01-21 12:14:35	1	3	1	0
       11	2025-01-21 12:15:36	1	2	1	0
       24	2025-01-21 12:15:41	1	2	1	0
       15	2025-01-21 12:15:46	1	2	1	0
        1	2025-01-21 12:16:02	1	2	1	0
       30	2025-01-21 12:17:03	1	3	1	0
       54	2025-01-21 12:19:07	1	2	1	0
       58	2025-01-21 12:19:35	1	3	1	0
       40	2025-01-21 12:21:54	1	3	1	0
       32	2025-01-21 12:22:12	1	3	1	0
       55	2025-01-21 12:22:39	1	2	1	0
       54	2025-01-21 12:24:03	1	3	1	0
        2	2025-01-21 12:24:10	1	2	1	0
       56	2025-01-21 12:24:27	1	2	1	0
       26	2025-01-21 12:24:33	1	3	1	0
       56	2025-01-21 12:25:45	1	3	1	0
        1	2025-01-21 12:26:53	1	3	1	0
       12	2025-01-21 12:27:07	1	2	1	0
       35	2025-01-21 12:27:39	1	2	1	0
       12	2025-01-21 12:28:09	1	3	1	0
        2	2025-01-21 12:29:50	1	3	1	0
       20	2025-01-21 12:33:05	1	2	1	0
       35	2025-01-21 12:37:27	1	3	1	0
       20	2025-01-21 12:38:25	1	3	1	0
       55	2025-01-21 12:38:30	1	3	1	0
       24	2025-01-21 12:39:30	1	3	1	0
       15	2025-01-21 12:40:23	1	3	1	0
       11	2025-01-21 12:40:45	1	3	1	0
       31	2025-01-21 12:51:32	1	3	1	0
        6	2025-01-21 12:52:41	1	2	1	0
        6	2025-01-21 12:58:00	1	3	1	0
       23	2025-01-21 17:04:58	1	1	1	0
       12	2025-01-21 17:08:05	1	1	1	0
       39	2025-01-21 17:10:01	1	1	1	0
       36	2025-01-21 17:10:10	1	1	1	0
       21	2025-01-21 17:14:08	1	1	1	0
        1	2025-01-21 17:15:48	1	1	1	0
       56	2025-01-21 17:16:34	1	1	1	0
       20	2025-01-21 17:21:20	1	1	1	0
       35	2025-01-21 17:22:12	1	1	1	0
       11	2025-01-21 17:23:56	1	1	1	0
       15	2025-01-21 17:24:02	1	1	1	0
        2	2025-01-21 17:24:48	1	1	1	0
       32	2025-01-21 17:37:40	1	1	1	0
        7	2025-01-21 17:41:57	1	1	1	0
        6	2025-01-21 17:42:08	1	1	1	0
       30	2025-01-21 17:43:37	1	1	1	0
       54	2025-01-21 17:49:00	1	1	1	0
       24	2025-01-21 18:10:48	1	1	1	0
       31	2025-01-21 18:23:40	1	1	1	0
       40	2025-01-21 18:26:36	1	1	1	0
       55	2025-01-21 18:26:40	1	1	1	0
       58	2025-01-21 18:39:15	1	1	1	0
       20	2025-01-22 06:24:37	1	0	1	0
       58	2025-01-22 06:38:40	1	0	1	0
       11	2025-01-22 07:25:20	1	0	1	0
       56	2025-01-22 07:41:27	1	0	1	0
       35	2025-01-22 07:44:07	1	0	1	0
       15	2025-01-22 07:44:28	1	0	1	0
       23	2025-01-22 07:45:12	1	0	1	0
       31	2025-01-22 07:45:22	1	0	1	0
        2	2025-01-22 07:46:35	1	0	1	0
       55	2025-01-22 07:48:55	1	0	1	0
       26	2025-01-22 07:49:00	1	0	1	0
       39	2025-01-22 07:49:46	1	0	1	0
       36	2025-01-22 07:49:53	1	0	1	0
       14	2025-01-22 07:50:46	1	0	1	0
       21	2025-01-22 07:51:19	1	0	1	0
        7	2025-01-22 07:56:21	1	0	1	0
       27	2025-01-22 07:57:16	1	0	1	0
       30	2025-01-22 07:59:15	1	0	1	0
       54	2025-01-22 08:03:55	1	0	1	0
       32	2025-01-22 08:05:04	1	0	1	0
        1	2025-01-22 08:05:26	1	0	1	0
       24	2025-01-22 08:05:30	1	0	1	0
       23	2025-01-22 12:01:36	1	2	1	0
        7	2025-01-22 12:02:17	1	2	1	0
       24	2025-01-22 12:02:33	1	2	1	0
       54	2025-01-22 12:02:49	1	2	1	0
       21	2025-01-22 12:03:39	1	2	1	0
       14	2025-01-22 12:03:52	1	2	1	0
       26	2025-01-22 12:06:13	1	2	1	0
       23	2025-01-22 12:06:32	1	3	1	0
       39	2025-01-22 12:07:06	1	2	1	0
       36	2025-01-22 12:07:11	1	2	1	0
        7	2025-01-22 12:07:27	1	3	1	0
       54	2025-01-22 12:07:54	1	3	1	0
       14	2025-01-22 12:08:52	1	3	1	0
       21	2025-01-22 12:08:55	1	3	1	0
       36	2025-01-22 12:12:11	1	3	1	0
       39	2025-01-22 12:12:19	1	3	1	0
       20	2025-01-22 12:13:41	1	2	1	0
       27	2025-01-22 12:15:03	1	2	1	0
        1	2025-01-22 12:15:38	1	2	1	0
       20	2025-01-22 12:19:15	1	3	1	0
       26	2025-01-22 12:19:29	1	3	1	0
       31	2025-01-22 12:19:58	1	2	1	0
       30	2025-01-22 12:20:09	1	2	1	0
       27	2025-01-22 12:20:21	1	3	1	0
       55	2025-01-22 12:20:28	1	2	1	0
        1	2025-01-22 12:22:18	1	3	1	0
       15	2025-01-22 12:26:39	1	2	1	0
       11	2025-01-22 12:26:47	1	2	1	0
       30	2025-01-22 12:27:46	1	3	1	0
       55	2025-01-22 12:27:56	1	3	1	0
       31	2025-01-22 12:28:55	1	3	1	0
        2	2025-01-22 12:32:03	1	2	1	0
       56	2025-01-22 12:34:45	1	2	1	0
       35	2025-01-22 12:36:23	1	2	1	0
        2	2025-01-22 12:37:11	1	3	1	0
       15	2025-01-22 12:39:56	1	3	1	0
       11	2025-01-22 12:40:06	1	3	1	0
       24	2025-01-22 12:40:11	1	3	1	0
       35	2025-01-22 12:41:50	1	3	1	0
       32	2025-01-22 12:52:06	1	2	1	0
       32	2025-01-22 12:54:04	1	3	1	0
        1	2025-01-22 17:05:29	1	1	1	0
       39	2025-01-22 17:06:57	1	1	1	0
       36	2025-01-22 17:07:07	1	1	1	0
       20	2025-01-22 17:08:22	1	1	1	0
       27	2025-01-22 17:09:00	1	1	1	0
       35	2025-01-22 17:09:44	1	1	1	0
       12	2025-01-22 17:16:40	1	1	1	0
        2	2025-01-22 17:18:08	1	1	1	0
       32	2025-01-22 17:19:37	1	1	1	0
       11	2025-01-22 17:20:40	1	1	1	0
       15	2025-01-22 17:20:47	1	1	1	0
       21	2025-01-22 17:22:15	1	1	1	0
       14	2025-01-22 17:22:22	1	1	1	0
        7	2025-01-22 17:22:41	1	1	1	0
       54	2025-01-22 17:27:47	1	1	1	0
       30	2025-01-22 18:12:55	1	1	1	0
       55	2025-01-22 18:13:02	1	1	1	0
       24	2025-01-22 18:22:39	1	1	1	0
       31	2025-01-22 18:22:45	1	1	1	0
       58	2025-01-22 19:17:28	1	1	1	0
       56	2025-01-22 19:17:58	1	1	1	0
       12	2025-01-23 07:00:47	1	0	1	0
       11	2025-01-23 07:15:22	1	0	1	0
       20	2025-01-23 07:26:31	1	0	1	0
       56	2025-01-23 07:43:13	1	0	1	0
       15	2025-01-23 07:43:52	1	0	1	0
        2	2025-01-23 07:44:23	1	0	1	0
       54	2025-01-23 07:47:27	1	0	1	0
       40	2025-01-23 07:49:57	1	0	1	0
       23	2025-01-23 07:52:43	1	0	1	0
       39	2025-01-23 07:52:52	1	0	1	0
       36	2025-01-23 07:52:57	1	0	1	0
       14	2025-01-23 07:53:31	1	0	1	0
       32	2025-01-23 07:54:06	1	0	1	0
        6	2025-01-23 07:54:25	1	0	1	0
       27	2025-01-23 07:55:58	1	0	1	0
       31	2025-01-23 07:56:01	1	0	1	0
       24	2025-01-23 07:56:54	1	0	1	0
        7	2025-01-23 07:57:03	1	0	1	0
       30	2025-01-23 07:57:08	1	0	1	0
       26	2025-01-23 07:59:30	1	0	1	0
       55	2025-01-23 08:01:09	1	0	1	0
       21	2025-01-23 08:05:09	1	0	1	0
       35	2025-01-23 08:05:55	1	0	1	0
       57	2025-01-23 08:12:55	1	0	1	0
        1	2025-01-23 08:13:00	1	0	1	0
        7	2025-01-23 12:02:54	1	2	1	0
       54	2025-01-23 12:03:14	1	2	1	0
       57	2025-01-23 12:04:32	1	2	1	0
       39	2025-01-23 12:04:38	1	2	1	0
       36	2025-01-23 12:04:41	1	2	1	0
       23	2025-01-23 12:05:25	1	2	1	0
       14	2025-01-23 12:05:41	1	2	1	0
       21	2025-01-23 12:05:44	1	2	1	0
        7	2025-01-23 12:07:16	1	3	1	0
        1	2025-01-23 12:08:26	1	2	1	0
       27	2025-01-23 12:08:43	1	2	1	0
       36	2025-01-23 12:09:18	1	3	1	0
       39	2025-01-23 12:09:22	1	3	1	0
       23	2025-01-23 12:10:05	1	3	1	0
       11	2025-01-23 12:10:41	1	2	1	0
       30	2025-01-23 12:10:46	1	2	1	0
       54	2025-01-23 12:10:54	1	3	1	0
       21	2025-01-23 12:11:00	1	3	1	0
       14	2025-01-23 12:11:06	1	3	1	0
        1	2025-01-23 12:14:02	1	3	1	0
       27	2025-01-23 12:14:12	1	3	1	0
        6	2025-01-23 12:14:17	1	2	1	0
       20	2025-01-23 12:14:51	1	2	1	0
       32	2025-01-23 12:14:58	1	2	1	0
       12	2025-01-23 12:16:52	1	2	1	0
       15	2025-01-23 12:17:02	1	2	1	0
       31	2025-01-23 12:17:35	1	2	1	0
        2	2025-01-23 12:17:59	1	2	1	0
        6	2025-01-23 12:19:19	1	3	1	0
       12	2025-01-23 12:19:26	1	3	1	0
       20	2025-01-23 12:19:31	1	3	1	0
       55	2025-01-23 12:19:53	1	2	1	0
       56	2025-01-23 12:19:56	1	2	1	0
       30	2025-01-23 12:22:02	1	3	1	0
        2	2025-01-23 12:23:21	1	3	1	0
       56	2025-01-23 12:23:43	1	3	1	0
       40	2025-01-23 12:25:02	1	2	1	0
       55	2025-01-23 12:28:06	1	3	1	0
       31	2025-01-23 12:28:16	1	3	1	0
       35	2025-01-23 12:28:29	1	2	1	0
       32	2025-01-23 12:31:52	1	3	1	0
       26	2025-01-23 12:32:45	1	2	1	0
       35	2025-01-23 12:35:43	1	3	1	0
       40	2025-01-23 12:39:30	1	3	1	0
       57	2025-01-23 12:39:57	1	3	1	0
       11	2025-01-23 12:40:47	1	3	1	0
       15	2025-01-23 12:40:57	1	3	1	0
       26	2025-01-23 12:41:09	1	3	1	0
       24	2025-01-23 12:41:13	1	2	1	0
       26	2025-01-23 17:02:23	1	1	1	0
        1	2025-01-23 17:02:40	1	1	1	0
       57	2025-01-23 17:02:52	1	1	1	0
       32	2025-01-23 17:03:12	1	1	1	0
       20	2025-01-23 17:04:14	1	1	1	0
        7	2025-01-23 17:04:30	1	1	1	0
       35	2025-01-23 17:04:40	1	1	1	0
       21	2025-01-23 17:05:11	1	1	1	0
       14	2025-01-23 17:05:19	1	1	1	0
       23	2025-01-23 17:05:39	1	1	1	0
       39	2025-01-23 17:05:45	1	1	1	0
       36	2025-01-23 17:05:48	1	1	1	0
       56	2025-01-23 17:06:37	1	1	1	0
        6	2025-01-23 17:09:23	1	1	1	0
       11	2025-01-23 17:11:27	1	1	1	0
       15	2025-01-23 17:11:39	1	1	1	0
       12	2025-01-23 17:11:50	1	1	1	0
       54	2025-01-23 17:15:23	1	1	1	0
        2	2025-01-23 17:15:40	1	1	1	0
       30	2025-01-23 17:36:34	1	1	1	0
       55	2025-01-23 17:38:10	1	1	1	0
       40	2025-01-23 17:49:07	1	1	1	0
       31	2025-01-23 17:49:28	1	1	1	0
       24	2025-01-23 17:52:54	1	1	1	0
       11	2025-01-24 07:22:13	1	0	1	0
       54	2025-01-24 07:32:36	1	0	1	0
        2	2025-01-24 07:42:22	1	0	1	0
       55	2025-01-24 07:45:18	1	0	1	0
       26	2025-01-24 07:45:23	1	0	1	0
       21	2025-01-24 07:46:44	1	0	1	0
       23	2025-01-24 07:47:06	1	0	1	0
       39	2025-01-24 07:47:22	1	0	1	0
       36	2025-01-24 07:47:29	1	0	1	0
       56	2025-01-24 07:49:22	1	0	1	0
       57	2025-01-24 07:53:03	1	0	1	0
       31	2025-01-24 07:54:05	1	0	1	0
       30	2025-01-24 07:54:20	1	0	1	0
       32	2025-01-24 07:56:37	1	0	1	0
       15	2025-01-24 07:58:24	1	0	1	0
        7	2025-01-24 07:58:46	1	0	1	0
        6	2025-01-24 08:01:34	1	0	1	0
       24	2025-01-24 08:02:46	1	0	1	0
        1	2025-01-24 08:04:47	1	0	1	0
       27	2025-01-24 08:04:53	1	0	1	0
        7	2025-01-24 12:01:03	1	2	1	0
       24	2025-01-24 12:01:42	1	2	1	0
       55	2025-01-24 12:01:44	1	2	1	0
        6	2025-01-24 12:02:49	1	2	1	0
       39	2025-01-24 12:05:40	1	2	1	0
       36	2025-01-24 12:05:48	1	2	1	0
        7	2025-01-24 12:06:52	1	3	1	0
        6	2025-01-24 12:07:15	1	3	1	0
       24	2025-01-24 12:08:34	1	3	1	0
       27	2025-01-24 12:09:14	1	2	1	0
       39	2025-01-24 12:10:03	1	3	1	0
       36	2025-01-24 12:10:08	1	3	1	0
       54	2025-01-24 12:10:47	1	2	1	0
       11	2025-01-24 12:12:22	1	2	1	0
       15	2025-01-24 12:12:26	1	2	1	0
       21	2025-01-24 12:12:42	1	2	1	0
       14	2025-01-24 12:12:53	1	2	1	0
       31	2025-01-24 12:12:58	1	2	1	0
       55	2025-01-24 12:13:02	1	3	1	0
       23	2025-01-24 12:13:15	1	2	1	0
       54	2025-01-24 12:15:53	1	3	1	0
       27	2025-01-24 12:16:47	1	3	1	0
       14	2025-01-24 12:17:05	1	3	1	0
       21	2025-01-24 12:17:09	1	3	1	0
       31	2025-01-24 12:17:54	1	3	1	0
        1	2025-01-24 12:18:20	1	2	1	0
       26	2025-01-24 12:18:26	1	2	1	0
       23	2025-01-24 12:18:32	1	3	1	0
        2	2025-01-24 12:24:33	1	2	1	0
       56	2025-01-24 12:24:55	1	2	1	0
       32	2025-01-24 12:25:03	1	2	1	0
       56	2025-01-24 12:26:33	1	3	1	0
       32	2025-01-24 12:28:34	1	3	1	0
        2	2025-01-24 12:30:21	1	3	1	0
       15	2025-01-24 12:33:02	1	3	1	0
       11	2025-01-24 12:33:10	1	3	1	0
       30	2025-01-24 12:33:21	1	2	1	0
        1	2025-01-24 12:42:44	1	3	1	0
       26	2025-01-24 12:46:36	1	3	1	0
       35	2025-01-24 12:48:09	1	2	1	0
       35	2025-01-24 12:53:13	1	3	1	0
       30	2025-01-24 12:57:53	1	3	1	0
       23	2025-01-24 17:01:24	1	1	1	0
       32	2025-01-24 17:02:10	1	1	1	0
       11	2025-01-24 17:02:40	1	1	1	0
       15	2025-01-24 17:02:50	1	1	1	0
       26	2025-01-24 17:03:13	1	1	1	0
       27	2025-01-24 17:03:38	1	1	1	0
       57	2025-01-24 17:03:49	1	1	1	0
        1	2025-01-24 17:04:16	1	1	1	0
       36	2025-01-24 17:04:24	1	1	1	0
       39	2025-01-24 17:04:34	1	1	1	0
        6	2025-01-24 17:05:11	1	1	1	0
       56	2025-01-24 17:09:45	1	1	1	0
       14	2025-01-24 17:13:06	1	1	1	0
       21	2025-01-24 17:13:22	1	1	1	0
        2	2025-01-24 17:13:49	1	1	1	0
        7	2025-01-24 17:15:39	1	1	1	0
       54	2025-01-24 17:17:31	1	1	1	0
       35	2025-01-24 17:26:26	1	1	1	0
       30	2025-01-24 17:26:51	1	1	1	0
       55	2025-01-24 17:30:30	1	1	1	0
       24	2025-01-24 17:36:01	1	1	1	0
        7	2025-01-25 06:58:28	1	1	1	0
       55	2025-01-25 07:00:37	1	0	1	0
        7	2025-01-25 07:01:14	1	0	1	0
       26	2025-01-25 07:03:40	1	0	1	0
        2	2025-01-25 07:07:52	1	0	1	0
       40	2025-01-25 07:15:34	1	0	1	0
       30	2025-01-25 07:15:38	1	0	1	0
       11	2025-01-25 07:15:57	1	0	1	0
       58	2025-01-25 07:19:58	1	0	1	0
       23	2025-01-25 07:22:47	1	0	1	0
       15	2025-01-25 07:24:42	1	0	1	0
       56	2025-01-25 07:59:26	1	0	1	0
       58	2025-01-25 12:01:28	1	2	1	0
        2	2025-01-25 12:01:35	1	2	1	0
       40	2025-01-25 12:03:06	1	2	1	0
        2	2025-01-25 12:06:11	1	3	1	0
       11	2025-01-25 12:06:35	1	2	1	0
       58	2025-01-25 12:07:53	1	3	1	0
       40	2025-01-25 12:32:44	1	3	1	0
       30	2025-01-25 12:34:08	1	2	1	0
       11	2025-01-25 12:44:20	1	3	1	0
       58	2025-01-25 16:30:59	1	1	1	0
       20	2025-01-27 06:48:06	1	0	1	0
       58	2025-01-27 06:56:53	1	0	1	0
       15	2025-01-27 07:10:25	1	0	1	0
       11	2025-01-27 07:12:08	1	0	1	0
       31	2025-01-27 07:12:17	1	0	1	0
       30	2025-01-27 07:15:01	1	0	1	0
       56	2025-01-27 07:16:20	1	0	1	0
       39	2025-01-27 07:17:48	1	0	1	0
       36	2025-01-27 07:17:58	1	0	1	0
        2	2025-01-27 07:23:32	1	0	1	0
       32	2025-01-27 07:30:42	1	0	1	0
       40	2025-01-27 07:31:38	1	0	1	0
       54	2025-01-27 07:32:35	1	0	1	0
       57	2025-01-27 07:34:55	1	0	1	0
        7	2025-01-27 07:35:14	1	0	1	0
       27	2025-01-27 07:35:49	1	0	1	0
       23	2025-01-27 07:36:03	1	0	1	0
       26	2025-01-27 07:41:27	1	0	1	0
       24	2025-01-27 07:46:42	1	0	1	0
       55	2025-01-27 07:47:39	1	0	1	0
        6	2025-01-27 07:47:50	1	0	1	0
       21	2025-01-27 07:54:46	1	0	1	0
       35	2025-01-27 07:58:37	1	0	1	0
       14	2025-01-27 07:59:18	1	0	1	0
        1	2025-01-27 08:01:39	1	0	1	0
        7	2025-01-27 12:02:49	1	2	1	0
       57	2025-01-27 12:03:36	1	2	1	0
       21	2025-01-27 12:04:10	1	2	1	0
       14	2025-01-27 12:04:15	1	2	1	0
       11	2025-01-27 12:04:24	1	2	1	0
        1	2025-01-27 12:04:37	1	2	1	0
       24	2025-01-27 12:04:44	1	2	1	0
       23	2025-01-27 12:04:55	1	2	1	0
       15	2025-01-27 12:05:32	1	2	1	0
       39	2025-01-27 12:05:37	1	2	1	0
       36	2025-01-27 12:05:44	1	2	1	0
       30	2025-01-27 12:06:56	1	2	1	0
       31	2025-01-27 12:07:13	1	2	1	0
        7	2025-01-27 12:07:40	1	3	1	0
       23	2025-01-27 12:09:10	1	3	1	0
       20	2025-01-27 12:09:23	1	2	1	0
       21	2025-01-27 12:09:39	1	3	1	0
        6	2025-01-27 12:10:00	1	2	1	0
       39	2025-01-27 12:10:13	1	3	1	0
       36	2025-01-27 12:10:17	1	3	1	0
       31	2025-01-27 12:12:02	1	3	1	0
       27	2025-01-27 12:13:38	1	2	1	0
       57	2025-01-27 12:14:05	1	3	1	0
       54	2025-01-27 12:14:18	1	2	1	0
       32	2025-01-27 12:14:47	1	2	1	0
        2	2025-01-27 12:15:05	1	2	1	0
       20	2025-01-27 12:15:27	1	3	1	0
        6	2025-01-27 12:16:14	1	3	1	0
       35	2025-01-27 12:16:32	1	2	1	0
       58	2025-01-27 12:17:23	1	2	1	0
       32	2025-01-27 12:18:18	1	3	1	0
       26	2025-01-27 12:19:08	1	2	1	0
       40	2025-01-27 12:19:59	1	2	1	0
        2	2025-01-27 12:20:17	1	3	1	0
       54	2025-01-27 12:21:12	1	3	1	0
       55	2025-01-27 12:21:32	1	2	1	0
       27	2025-01-27 12:21:51	1	3	1	0
       35	2025-01-27 12:21:59	1	3	1	0
       24	2025-01-27 12:22:28	1	3	1	0
        1	2025-01-27 12:22:51	1	3	1	0
       58	2025-01-27 12:24:11	1	3	1	0
       30	2025-01-27 12:25:07	1	3	1	0
       56	2025-01-27 12:33:24	1	2	1	0
       55	2025-01-27 12:34:39	1	3	1	0
       40	2025-01-27 12:34:53	1	3	1	0
       11	2025-01-27 12:35:18	1	3	1	0
       15	2025-01-27 12:35:24	1	3	1	0
       26	2025-01-27 12:40:28	1	3	1	0
        7	2025-01-27 17:02:24	1	1	1	0
        1	2025-01-27 17:03:20	1	1	1	0
       26	2025-01-27 17:04:06	1	1	1	0
       57	2025-01-27 17:04:29	1	1	1	0
       27	2025-01-27 17:04:57	1	1	1	0
       20	2025-01-27 17:05:59	1	1	1	0
       23	2025-01-27 17:06:34	1	1	1	0
       39	2025-01-27 17:07:02	1	1	1	0
       36	2025-01-27 17:07:07	1	1	1	0
       35	2025-01-27 17:10:04	1	1	1	0
        6	2025-01-27 17:10:19	1	1	1	0
       21	2025-01-27 17:11:55	1	1	1	0
       14	2025-01-27 17:11:59	1	1	1	0
        2	2025-01-27 17:14:09	1	1	1	0
       11	2025-01-27 17:16:51	1	1	1	0
       15	2025-01-27 17:16:57	1	1	1	0
       40	2025-01-27 17:20:24	1	1	1	0
       24	2025-01-27 17:21:03	1	1	1	0
       31	2025-01-27 17:21:11	1	1	1	0
       55	2025-01-27 17:21:27	1	1	1	0
       54	2025-01-27 17:28:46	1	1	1	0
       30	2025-01-27 17:41:08	1	1	1	0
       58	2025-01-27 19:07:18	1	1	1	0
       56	2025-01-27 19:14:36	1	1	1	0
       32	2025-01-27 20:09:30	1	1	1	0
       58	2025-01-28 06:53:11	1	0	1	0
       20	2025-01-28 07:01:19	1	0	1	0
       15	2025-01-28 07:15:08	1	0	1	0
       11	2025-01-28 07:27:40	1	0	1	0
       27	2025-01-28 07:34:56	1	0	1	0
       31	2025-01-28 07:35:06	1	0	1	0
        2	2025-01-28 07:37:22	1	0	1	0
       56	2025-01-28 07:43:12	1	0	1	0
       39	2025-01-28 07:45:24	1	0	1	0
       36	2025-01-28 07:45:32	1	0	1	0
       32	2025-01-28 07:46:01	1	0	1	0
       54	2025-01-28 07:51:42	1	0	1	0
       23	2025-01-28 07:52:27	1	0	1	0
       57	2025-01-28 07:55:43	1	0	1	0
       26	2025-01-28 07:56:04	1	0	1	0
       35	2025-01-28 07:56:55	1	0	1	0
       55	2025-01-28 07:57:38	1	0	1	0
        7	2025-01-28 07:58:26	1	0	1	0
        6	2025-01-28 07:59:24	1	0	1	0
       14	2025-01-28 08:00:41	1	0	1	0
       24	2025-01-28 08:02:35	1	0	1	0
       21	2025-01-28 08:04:47	1	0	1	0
       40	2025-01-28 08:07:29	1	0	1	0
        1	2025-01-28 08:07:47	1	0	1	0
        6	2025-01-28 12:01:06	1	2	1	0
        7	2025-01-28 12:01:22	1	2	1	0
       20	2025-01-28 12:02:53	1	2	1	0
       57	2025-01-28 12:04:20	1	2	1	0
       39	2025-01-28 12:05:07	1	2	1	0
       36	2025-01-28 12:05:13	1	2	1	0
       21	2025-01-28 12:06:02	1	2	1	0
       14	2025-01-28 12:06:07	1	2	1	0
       23	2025-01-28 12:06:13	1	2	1	0
        6	2025-01-28 12:06:19	1	3	1	0
        7	2025-01-28 12:06:30	1	3	1	0
       58	2025-01-28 12:06:36	1	3	1	0
       26	2025-01-28 12:07:04	1	2	1	0
       20	2025-01-28 12:07:18	1	3	1	0
       24	2025-01-28 12:08:05	1	2	1	0
       15	2025-01-28 12:09:33	1	2	1	0
       39	2025-01-28 12:10:13	1	3	1	0
       36	2025-01-28 12:10:20	1	3	1	0
       21	2025-01-28 12:11:11	1	3	1	0
       14	2025-01-28 12:11:15	1	3	1	0
       23	2025-01-28 12:11:20	1	3	1	0
       35	2025-01-28 12:11:45	1	2	1	0
       27	2025-01-28 12:11:56	1	2	1	0
       54	2025-01-28 12:12:18	1	2	1	0
        1	2025-01-28 12:15:19	1	2	1	0
       35	2025-01-28 12:17:48	1	3	1	0
       58	2025-01-28 12:18:55	1	3	1	0
       27	2025-01-28 12:19:59	1	3	1	0
       11	2025-01-28 12:20:27	1	2	1	0
        2	2025-01-28 12:24:26	1	2	1	0
       24	2025-01-28 12:26:16	1	3	1	0
       40	2025-01-28 12:27:04	1	2	1	0
       54	2025-01-28 12:29:39	1	3	1	0
        1	2025-01-28 12:29:53	1	3	1	0
        2	2025-01-28 12:31:39	1	3	1	0
       55	2025-01-28 12:31:44	1	2	1	0
       56	2025-01-28 12:32:02	1	2	1	0
       32	2025-01-28 12:32:30	1	2	1	0
       56	2025-01-28 12:33:06	1	3	1	0
       57	2025-01-28 12:33:28	1	3	1	0
       26	2025-01-28 12:33:55	1	3	1	0
       32	2025-01-28 12:34:27	1	3	1	0
       15	2025-01-28 12:38:30	1	3	1	0
       11	2025-01-28 12:38:37	1	3	1	0
       40	2025-01-28 12:39:30	1	3	1	0
       31	2025-01-28 12:40:02	1	2	1	0
       55	2025-01-28 12:43:02	1	3	1	0
       31	2025-01-28 12:48:52	1	3	1	0
       32	2025-01-28 17:00:11	1	1	1	0
       14	2025-01-28 17:03:07	1	1	1	0
       21	2025-01-28 17:03:11	1	1	1	0
       26	2025-01-28 17:03:40	1	1	1	0
       11	2025-01-28 17:03:55	1	1	1	0
       57	2025-01-28 17:04:05	1	1	1	0
        1	2025-01-28 17:04:12	1	1	1	0
       27	2025-01-28 17:09:39	1	1	1	0
       23	2025-01-28 17:11:42	1	1	1	0
       36	2025-01-28 17:11:59	1	1	1	0
       39	2025-01-28 17:12:04	1	1	1	0
        2	2025-01-28 17:16:41	1	1	1	0
        7	2025-01-28 17:18:20	1	1	1	0
       54	2025-01-28 17:19:04	1	1	1	0
       20	2025-01-28 17:19:26	1	1	1	0
        6	2025-01-28 17:28:47	1	1	1	0
       35	2025-01-28 17:28:57	1	1	1	0
       15	2025-01-28 19:08:43	1	1	1	0
       58	2025-01-28 19:10:51	1	1	1	0
       56	2025-01-28 19:32:38	1	1	1	0
       55	2025-01-28 20:04:49	1	1	1	0
       31	2025-01-28 20:05:34	1	1	1	0
       24	2025-01-28 20:14:29	1	1	1	0
       58	2025-01-30 06:44:02	1	0	1	0
       20	2025-01-30 06:53:26	1	0	1	0
       15	2025-01-30 07:17:55	1	0	1	0
       11	2025-01-30 07:21:35	1	0	1	0
       56	2025-01-30 07:30:34	1	0	1	0
        2	2025-01-30 07:41:52	1	0	1	0
       12	2025-01-30 07:42:49	1	0	1	0
       23	2025-01-30 07:43:18	1	0	1	0
        6	2025-01-30 07:48:18	1	0	1	0
       39	2025-01-30 07:53:11	1	0	1	0
       36	2025-01-30 07:53:16	1	0	1	0
       27	2025-01-30 07:53:42	1	0	1	0
       32	2025-01-30 07:54:07	1	0	1	0
       57	2025-01-30 07:55:23	1	0	1	0
        7	2025-01-30 07:55:54	1	0	1	0
       30	2025-01-30 07:57:12	1	0	1	0
       26	2025-01-30 07:58:39	1	0	1	0
       35	2025-01-30 08:07:27	1	0	1	0
       14	2025-01-30 08:08:16	1	0	1	0
       21	2025-01-30 08:10:16	1	0	1	0
       57	2025-01-30 12:01:10	1	2	1	0
       20	2025-01-30 12:01:23	1	2	1	0
       14	2025-01-30 12:02:45	1	2	1	0
       21	2025-01-30 12:02:54	1	2	1	0
        7	2025-01-30 12:03:53	1	2	1	0
       12	2025-01-30 12:04:14	1	2	1	0
       11	2025-01-30 12:05:06	1	2	1	0
       39	2025-01-30 12:05:21	1	2	1	0
       36	2025-01-30 12:05:27	1	2	1	0
       23	2025-01-30 12:06:34	1	2	1	0
       58	2025-01-30 12:06:49	1	2	1	0
       21	2025-01-30 12:07:10	1	3	1	0
       14	2025-01-30 12:07:13	1	3	1	0
       30	2025-01-30 12:08:01	1	2	1	0
        7	2025-01-30 12:08:19	1	3	1	0
       20	2025-01-30 12:09:48	1	3	1	0
       36	2025-01-30 12:10:04	1	3	1	0
       39	2025-01-30 12:10:06	1	3	1	0
       23	2025-01-30 12:11:05	1	3	1	0
       35	2025-01-30 12:11:18	1	2	1	0
       58	2025-01-30 12:13:14	1	3	1	0
       26	2025-01-30 12:14:01	1	2	1	0
       27	2025-01-30 12:16:09	1	2	1	0
       30	2025-01-30 12:16:20	1	3	1	0
       56	2025-01-30 12:17:35	1	2	1	0
       15	2025-01-30 12:19:36	1	2	1	0
       56	2025-01-30 12:20:25	1	3	1	0
       27	2025-01-30 12:21:05	1	3	1	0
       35	2025-01-30 12:21:12	1	3	1	0
       11	2025-01-30 12:21:19	1	3	1	0
       12	2025-01-30 12:24:38	1	3	1	0
       15	2025-01-30 12:25:08	1	3	1	0
        2	2025-01-30 12:26:12	1	2	1	0
        2	2025-01-30 12:32:23	1	3	1	0
       32	2025-01-30 12:35:49	1	2	1	0
       32	2025-01-30 12:37:02	1	3	1	0
       57	2025-01-30 12:40:27	1	3	1	0
       26	2025-01-30 12:41:36	1	3	1	0
        6	2025-01-30 12:51:29	1	2	1	0
        6	2025-01-30 12:56:02	1	3	1	0
